20200408 00:00, gpu2002, 0, 00000000:3B:00.0,38,65,29, lstrydom, python3, 406654 426048 426115 438115 438128 438138 440160 440161 440162 440163
20200408 00:00, gpu2002, 1, 00000000:AF:00.0,37,39,16, lstrydom, python3, 406654 426048 426115 438115 438128 438138 440160 440161 440162 440163
20200408 00:00, gpu2002, 2, 00000000:D8:00.0,34,31,12, lstrydom, python3, 406654 426048 426115 438115 438128 438138 440160 440161 440162 440163
20200408 00:05, gpu2002, 0, 00000000:3B:00.0,35,40,18, lstrydom, python3, 406654 426048 426115 440571 440572 440573 440574 440662 440672 440682
20200408 00:05, gpu2002, 1, 00000000:AF:00.0,34,8,3, lstrydom, python3, 406654 426048 426115 440571 440572 440573 440574 440662 440672 440682
20200408 00:05, gpu2002, 2, 00000000:D8:00.0,32,30,12, lstrydom, python3, 406654 426048 426115 440571 440572 440573 440574 440662 440672 440682
20200408 00:10, gpu2002, 0, 00000000:3B:00.0,42,100,31, lstrydom, python3, 406654 426048 426115 440662 440672 440682 441089 441090 441091 441092
20200408 00:10, gpu2002, 1, 00000000:AF:00.0,38,27,10, lstrydom, python3, 406654 426048 426115 440662 440672 440682 441089 441090 441091 441092
20200408 00:10, gpu2002, 2, 00000000:D8:00.0,33,34,16, lstrydom, python3, 406654 426048 426115 440662 440672 440682 441089 441090 441091 441092
20200408 00:15, gpu2002, 0, 00000000:3B:00.0,39,81,41, lstrydom, python3, 406654 426048 426115 440662 440672 440682 441408 441409 441410 441411
20200408 00:15, gpu2002, 1, 00000000:AF:00.0,38,49,24, lstrydom, python3, 406654 426048 426115 440662 440672 440682 441408 441409 441410 441411
20200408 00:15, gpu2002, 2, 00000000:D8:00.0,32,18,7, lstrydom, python3, 406654 426048 426115 440662 440672 440682 441408 441409 441410 441411
20200408 00:20, gpu2002, 0, 00000000:3B:00.0,36,30,15, lstrydom, python3, 406654 426048 426115 440662 440672 440682 441828 441829 441830 441831
20200408 00:20, gpu2002, 1, 00000000:AF:00.0,37,21,7, lstrydom, python3, 406654 426048 426115 440662 440672 440682 441828 441829 441830 441831
20200408 00:20, gpu2002, 2, 00000000:D8:00.0,34,23,12, lstrydom, python3, 406654 426048 426115 440662 440672 440682 441828 441829 441830 441831
20200408 00:25, gpu2002, 0, 00000000:3B:00.0,38,96,47, lstrydom, python3, 406654 426048 426115 440662 440672 440682 442260 442261 442262 442263
20200408 00:25, gpu2002, 1, 00000000:AF:00.0,37,25,12, lstrydom, python3, 406654 426048 426115 440662 440672 440682 442260 442261 442262 442263
20200408 00:25, gpu2002, 2, 00000000:D8:00.0,32,8,3, lstrydom, python3, 406654 426048 426115 440662 440672 440682 442260 442261 442262 442263
20200408 00:30, gpu2002, 0, 00000000:3B:00.0,38,86,41, lstrydom, python3, 406654 426048 426115 440662 440672 440682 442563 442564 442565 442566
20200408 00:30, gpu2002, 1, 00000000:AF:00.0,36,25,11, lstrydom, python3, 406654 426048 426115 440662 440672 440682 442563 442564 442565 442566
20200408 00:30, gpu2002, 2, 00000000:D8:00.0,33,8,3, lstrydom, python3, 406654 426048 426115 440662 440672 440682 442563 442564 442565 442566
20200408 00:35, gpu2002, 0, 00000000:3B:00.0,37,49,23, lstrydom, python3, 406654 426048 426115 443074 443076 443077 443078 443117 443127 443137
20200408 00:35, gpu2002, 1, 00000000:AF:00.0,36,23,6, lstrydom, python3, 406654 426048 426115 443074 443076 443077 443078 443117 443127 443137
20200408 00:35, gpu2002, 2, 00000000:D8:00.0,34,27,12, lstrydom, python3, 406654 426048 426115 443074 443076 443077 443078 443117 443127 443137
20200408 00:40, gpu2002, 0, 00000000:3B:00.0,40,90,40, lstrydom, python3, 406654 426048 426115 443117 443127 443137 443583 443584 443585 443586
20200408 00:40, gpu2002, 1, 00000000:AF:00.0,35,5,0, lstrydom, python3, 406654 426048 426115 443117 443127 443137 443583 443584 443585 443586
20200408 00:40, gpu2002, 2, 00000000:D8:00.0,35,27,14, lstrydom, python3, 406654 426048 426115 443117 443127 443137 443583 443584 443585 443586
20200408 00:45, gpu2002, 0, 00000000:3B:00.0,42,88,42, lstrydom, python3, 406654 426048 426115 443117 443127 443137 443895 443896 443897 443898
20200408 00:45, gpu2002, 1, 00000000:AF:00.0,42,59,20, lstrydom, python3, 406654 426048 426115 443117 443127 443137 443895 443896 443897 443898
20200408 00:45, gpu2002, 2, 00000000:D8:00.0,35,4,0, lstrydom, python3, 406654 426048 426115 443117 443127 443137 443895 443896 443897 443898
20200408 00:50, gpu2002, 0, 00000000:3B:00.0,37,74,27, lstrydom, python3, 406654 426048 426115 443117 443127 443137 444313 444314 444315 444316
20200408 00:50, gpu2002, 1, 00000000:AF:00.0,44,41,23, lstrydom, python3, 406654 426048 426115 443117 443127 443137 444313 444314 444315 444316
20200408 00:50, gpu2002, 2, 00000000:D8:00.0,35,49,23, lstrydom, python3, 406654 426048 426115 443117 443127 443137 444313 444314 444315 444316
20200408 00:55, gpu2002, 0, 00000000:3B:00.0,39,39,17, lstrydom, python3, 406654 426048 426115 443117 443127 443137 444747 444748 444749 444750
20200408 00:55, gpu2002, 1, 00000000:AF:00.0,35,5,0, lstrydom, python3, 406654 426048 426115 443117 443127 443137 444747 444748 444749 444750
20200408 00:55, gpu2002, 2, 00000000:D8:00.0,34,39,12, lstrydom, python3, 406654 426048 426115 443117 443127 443137 444747 444748 444749 444750
20200408 01:00, gpu2002, 0, 00000000:3B:00.0,40,60,30, lstrydom, python3, 406654 426048 426115 443117 443127 443137 445053 445054 445055 445056
20200408 01:00, gpu2002, 1, 00000000:AF:00.0,43,60,22, lstrydom, python3, 406654 426048 426115 443117 443127 443137 445053 445054 445055 445056
20200408 01:00, gpu2002, 2, 00000000:D8:00.0,33,24,12, lstrydom, python3, 406654 426048 426115 443117 443127 443137 445053 445054 445055 445056
20200408 01:05, gpu2002, 0, 00000000:3B:00.0,35,22,7, lstrydom, python3, 406654 426048 426115 445604 445608 445609 445610 445611 445631 445640
20200408 01:05, gpu2002, 1, 00000000:AF:00.0,37,25,12, lstrydom, python3, 406654 426048 426115 445604 445608 445609 445610 445611 445631 445640
20200408 01:05, gpu2002, 2, 00000000:D8:00.0,33,22,7, lstrydom, python3, 406654 426048 426115 445604 445608 445609 445610 445611 445631 445640
20200408 01:10, gpu2002, 0, 00000000:3B:00.0,37,80,41, lstrydom, python3, 406654 426048 426115 445604 445631 445640 446103 446104 446105 446106
20200408 01:10, gpu2002, 1, 00000000:AF:00.0,37,41,24, lstrydom, python3, 406654 426048 426115 445604 445631 445640 446103 446104 446105 446106
20200408 01:10, gpu2002, 2, 00000000:D8:00.0,33,0,0, lstrydom, python3, 406654 426048 426115 445604 445631 445640 446103 446104 446105 446106
20200408 01:15, gpu2002, 0, 00000000:3B:00.0,43,74,35, lstrydom, python3, 406654 426048 426115 445604 445631 445640 446414 446415 446416 446417
20200408 01:15, gpu2002, 1, 00000000:AF:00.0,38,33,21, lstrydom, python3, 406654 426048 426115 445604 445631 445640 446414 446415 446416 446417
20200408 01:15, gpu2002, 2, 00000000:D8:00.0,35,39,13, lstrydom, python3, 406654 426048 426115 445604 445631 445640 446414 446415 446416 446417
20200408 01:20, gpu2002, 0, 00000000:3B:00.0,39,79,35, lstrydom, python3, 406654 426048 426115 445604 445631 445640 446836 446837 446838 446839
20200408 01:20, gpu2002, 1, 00000000:AF:00.0,48,99,33, lstrydom, python3, 406654 426048 426115 445604 445631 445640 446836 446837 446838 446839
20200408 01:20, gpu2002, 2, 00000000:D8:00.0,34,22,7, lstrydom, python3, 406654 426048 426115 445604 445631 445640 446836 446837 446838 446839
20200408 01:25, gpu2002, 0, 00000000:3B:00.0,39,60,26, lstrydom, python3, 406654 426048 426115 445604 445631 445640 447273 447274 447275 447276
20200408 01:25, gpu2002, 1, 00000000:AF:00.0,35,0,0, lstrydom, python3, 406654 426048 426115 445604 445631 445640 447273 447274 447275 447276
20200408 01:25, gpu2002, 2, 00000000:D8:00.0,37,45,18, lstrydom, python3, 406654 426048 426115 445604 445631 445640 447273 447274 447275 447276
20200408 01:30, gpu2002, 0, 00000000:3B:00.0,42,89,42, lstrydom, python3, 406654 426048 426115 445604 445631 445640 447570 447571 447572 447573
20200408 01:30, gpu2002, 1, 00000000:AF:00.0,42,25,14, lstrydom, python3, 406654 426048 426115 445604 445631 445640 447570 447571 447572 447573
20200408 01:30, gpu2002, 2, 00000000:D8:00.0,36,49,21, lstrydom, python3, 406654 426048 426115 445604 445631 445640 447570 447571 447572 447573
20200408 01:35, gpu2002, 0, 00000000:3B:00.0,36,0,0, lstrydom, python3, 406654 426048 426115 448095 448096 448097 448098
20200408 01:35, gpu2002, 1, 00000000:AF:00.0,34,0,0, lstrydom, python3, 406654 426048 426115 448095 448096 448097 448098
20200408 01:35, gpu2002, 2, 00000000:D8:00.0,31,0,0, lstrydom, python3, 406654 426048 426115 448095 448096 448097 448098
20200408 01:40, gpu2002, 0, 00000000:3B:00.0,42,100,29, lstrydom, python3, 406654 426048 426115 448274 448286 448296 448622 448623 448624 448625
20200408 01:40, gpu2002, 1, 00000000:AF:00.0,48,59,19, lstrydom, python3, 406654 426048 426115 448274 448286 448296 448622 448623 448624 448625
20200408 01:40, gpu2002, 2, 00000000:D8:00.0,40,60,16, lstrydom, python3, 406654 426048 426115 448274 448286 448296 448622 448623 448624 448625
20200408 01:45, gpu2002, 0, 00000000:3B:00.0,40,75,34, lstrydom, python3, 406654 426048 426115 448274 448286 448296 448961 448963 448964 448965
20200408 01:45, gpu2002, 1, 00000000:AF:00.0,48,77,26, lstrydom, python3, 406654 426048 426115 448274 448286 448296 448961 448963 448964 448965
20200408 01:45, gpu2002, 2, 00000000:D8:00.0,36,39,21, lstrydom, python3, 406654 426048 426115 448274 448286 448296 448961 448963 448964 448965
20200408 01:50, gpu2002, 0, 00000000:3B:00.0,38,28,16, lstrydom, python3, 406654 426048 426115 448274 448286 448296 449392 449393 449394 449395
20200408 01:50, gpu2002, 1, 00000000:AF:00.0,47,99,31, lstrydom, python3, 406654 426048 426115 448274 448286 448296 449392 449393 449394 449395
20200408 01:50, gpu2002, 2, 00000000:D8:00.0,35,21,9, lstrydom, python3, 406654 426048 426115 448274 448286 448296 449392 449393 449394 449395
20200408 01:55, gpu2002, 0, 00000000:3B:00.0,38,22,10, lstrydom, python3, 406654 426048 426115 448274 448286 448296 449704 449705 449706 449707
20200408 01:55, gpu2002, 1, 00000000:AF:00.0,36,25,10, lstrydom, python3, 406654 426048 426115 448274 448286 448296 449704 449705 449706 449707
20200408 01:55, gpu2002, 2, 00000000:D8:00.0,35,40,15, lstrydom, python3, 406654 426048 426115 448274 448286 448296 449704 449705 449706 449707
20200408 02:00, gpu2002, 0, 00000000:3B:00.0,40,91,47, lstrydom, python3, 406654 426048 426115 448274 448286 448296 450127 450128 450129 450130
20200408 02:00, gpu2002, 1, 00000000:AF:00.0,38,22,11, lstrydom, python3, 406654 426048 426115 448274 448286 448296 450127 450128 450129 450130
20200408 02:00, gpu2002, 2, 00000000:D8:00.0,37,58,39, lstrydom, python3, 406654 426048 426115 448274 448286 448296 450127 450128 450129 450130
20200408 02:05, gpu2002, 0, 00000000:3B:00.0,38,59,28, lstrydom, python3, 406654 426048 426115 448274 448286 448296 450868 450869 450870 450871
20200408 02:05, gpu2002, 1, 00000000:AF:00.0,42,54,34, lstrydom, python3, 406654 426048 426115 448274 448286 448296 450868 450869 450870 450871
20200408 02:05, gpu2002, 2, 00000000:D8:00.0,36,31,16, lstrydom, python3, 406654 426048 426115 448274 448286 448296 450868 450869 450870 450871
20200408 02:10, gpu2002, 0, 00000000:3B:00.0,36,34,14, lstrydom, python3, 406654 426048 426115 448274 448286 448296 451168 451169 451170 451171
20200408 02:10, gpu2002, 1, 00000000:AF:00.0,40,49,24, lstrydom, python3, 406654 426048 426115 448274 448286 448296 451168 451169 451170 451171
20200408 02:10, gpu2002, 2, 00000000:D8:00.0,33,24,9, lstrydom, python3, 406654 426048 426115 448274 448286 448296 451168 451169 451170 451171
20200408 02:15, gpu2002, 0, 00000000:3B:00.0,42,82,40, lstrydom, python3, 406654 426048 426115 451563 451573 451583 451693 451694 451695 451696
20200408 02:15, gpu2002, 1, 00000000:AF:00.0,41,48,30, lstrydom, python3, 406654 426048 426115 451563 451573 451583 451693 451694 451695 451696
20200408 02:15, gpu2002, 2, 00000000:D8:00.0,36,59,30, lstrydom, python3, 406654 426048 426115 451563 451573 451583 451693 451694 451695 451696
20200408 02:20, gpu2002, 0, 00000000:3B:00.0,38,29,11, lstrydom, python3, 406654 426048 426115 451563 451573 451583 452135 452136 452137 452138
20200408 02:20, gpu2002, 1, 00000000:AF:00.0,41,35,27, lstrydom, python3, 406654 426048 426115 451563 451573 451583 452135 452136 452137 452138
20200408 02:20, gpu2002, 2, 00000000:D8:00.0,35,42,21, lstrydom, python3, 406654 426048 426115 451563 451573 451583 452135 452136 452137 452138
20200408 02:25, gpu2002, 0, 00000000:3B:00.0,41,59,41, lstrydom, python3, 406654 426048 426115 451563 451573 451583 452450 452451 452452 452453
20200408 02:25, gpu2002, 1, 00000000:AF:00.0,40,0,0, lstrydom, python3, 406654 426048 426115 451563 451573 451583 452450 452451 452452 452453
20200408 02:25, gpu2002, 2, 00000000:D8:00.0,37,33,17, lstrydom, python3, 406654 426048 426115 451563 451573 451583 452450 452451 452452 452453
20200408 02:30, gpu2002, 0, 00000000:3B:00.0,41,26,11, lstrydom, python3, 406654 426048 426115 451563 451573 451583 452884 452885 452886 452887
20200408 02:30, gpu2002, 1, 00000000:AF:00.0,42,50,25, lstrydom, python3, 406654 426048 426115 451563 451573 451583 452884 452885 452886 452887
20200408 02:30, gpu2002, 2, 00000000:D8:00.0,36,30,17, lstrydom, python3, 406654 426048 426115 451563 451573 451583 452884 452885 452886 452887
20200408 02:35, gpu2002, 0, 00000000:3B:00.0,39,29,16, lstrydom, python3, 406654 426048 426115 451563 451573 451583 453387 453388 453389 453390
20200408 02:35, gpu2002, 1, 00000000:AF:00.0,41,0,0, lstrydom, python3, 406654 426048 426115 451563 451573 451583 453387 453388 453389 453390
20200408 02:35, gpu2002, 2, 00000000:D8:00.0,39,59,19, lstrydom, python3, 406654 426048 426115 451563 451573 451583 453387 453388 453389 453390
20200408 02:40, gpu2002, 0, 00000000:3B:00.0,37,30,12, lstrydom, python3, 406654 426048 426115 451563 451573 451583 453691 453692 453693 453694
20200408 02:40, gpu2002, 1, 00000000:AF:00.0,43,59,32, lstrydom, python3, 406654 426048 426115 451563 451573 451583 453691 453692 453693 453694
20200408 02:40, gpu2002, 2, 00000000:D8:00.0,37,38,21, lstrydom, python3, 406654 426048 426115 451563 451573 451583 453691 453692 453693 453694
20200408 02:45, gpu2002, 0, 00000000:3B:00.0,42,75,43, lstrydom, python3, 406654 426048 426115 451563 451573 451583 454130 454131 454132 454133
20200408 02:45, gpu2002, 1, 00000000:AF:00.0,45,59,37, lstrydom, python3, 406654 426048 426115 451563 451573 451583 454130 454131 454132 454133
20200408 02:45, gpu2002, 2, 00000000:D8:00.0,36,39,23, lstrydom, python3, 406654 426048 426115 451563 451573 451583 454130 454131 454132 454133
20200408 02:50, gpu2002, 0, 00000000:3B:00.0,38,47,23, lstrydom, python3, 406654 426048 426115 451563 451573 451583 454563 454564 454565 454566
20200408 02:50, gpu2002, 1, 00000000:AF:00.0,39,32,12, lstrydom, python3, 406654 426048 426115 451563 451573 451583 454563 454564 454565 454566
20200408 02:50, gpu2002, 2, 00000000:D8:00.0,36,59,26, lstrydom, python3, 406654 426048 426115 451563 451573 451583 454563 454564 454565 454566
20200408 02:55, gpu2002, 0, 00000000:3B:00.0,37,57,29, lstrydom, python3, 406654 426048 426115 454879 454881 454882 454883 454951 454961 454971
20200408 02:55, gpu2002, 1, 00000000:AF:00.0,39,35,16, lstrydom, python3, 406654 426048 426115 454879 454881 454882 454883 454951 454961 454971
20200408 02:55, gpu2002, 2, 00000000:D8:00.0,34,31,14, lstrydom, python3, 406654 426048 426115 454879 454881 454882 454883 454951 454961 454971
20200408 03:00, gpu2002, 0, 00000000:3B:00.0,40,78,38, lstrydom, python3, 406654 426048 426115 454951 454961 454971 455415 455416 455417 455418
20200408 03:00, gpu2002, 1, 00000000:AF:00.0,42,44,26, lstrydom, python3, 406654 426048 426115 454951 454961 454971 455415 455416 455417 455418
20200408 03:00, gpu2002, 2, 00000000:D8:00.0,34,24,11, lstrydom, python3, 406654 426048 426115 454951 454961 454971 455415 455416 455417 455418
20200408 03:05, gpu2002, 0, 00000000:3B:00.0,39,29,13, lstrydom, python3, 406654 426048 426115 454951 454961 454971 455944 455945 455946 455947
20200408 03:05, gpu2002, 1, 00000000:AF:00.0,40,34,19, lstrydom, python3, 406654 426048 426115 454951 454961 454971 455944 455945 455946 455947
20200408 03:05, gpu2002, 2, 00000000:D8:00.0,34,40,17, lstrydom, python3, 406654 426048 426115 454951 454961 454971 455944 455945 455946 455947
20200408 03:10, gpu2002, 0, 00000000:3B:00.0,40,54,30, lstrydom, python3, 406654 426048 426115 454951 454961 454971 456259 456260 456261 456262
20200408 03:10, gpu2002, 1, 00000000:AF:00.0,40,30,15, lstrydom, python3, 406654 426048 426115 454951 454961 454971 456259 456260 456261 456262
20200408 03:10, gpu2002, 2, 00000000:D8:00.0,37,59,31, lstrydom, python3, 406654 426048 426115 454951 454961 454971 456259 456260 456261 456262
20200408 03:15, gpu2002, 0, 00000000:3B:00.0,39,97,51, lstrydom, python3, 406654 426048 426115 454951 454961 454971 456698 456699 456700 456701
20200408 03:15, gpu2002, 1, 00000000:AF:00.0,36,22,5, lstrydom, python3, 406654 426048 426115 454951 454961 454971 456698 456699 456700 456701
20200408 03:15, gpu2002, 2, 00000000:D8:00.0,34,0,0, lstrydom, python3, 406654 426048 426115 454951 454961 454971 456698 456699 456700 456701
20200408 03:20, gpu2002, 0, 00000000:3B:00.0,39,54,24, lstrydom, python3, 406654 426048 426115 454951 454961 454971 457175 457176 457177 457178
20200408 03:20, gpu2002, 1, 00000000:AF:00.0,37,24,12, lstrydom, python3, 406654 426048 426115 454951 454961 454971 457175 457176 457177 457178
20200408 03:20, gpu2002, 2, 00000000:D8:00.0,34,12,8, lstrydom, python3, 406654 426048 426115 454951 454961 454971 457175 457176 457177 457178
20200408 03:25, gpu2002, 0, 00000000:3B:00.0,36,45,17, lstrydom, python3, 406654 426048 426115 454951 454961 454971 457373 457374 457375 457376
20200408 03:25, gpu2002, 1, 00000000:AF:00.0,37,22,9, lstrydom, python3, 406654 426048 426115 454951 454961 454971 457373 457374 457375 457376
20200408 03:25, gpu2002, 2, 00000000:D8:00.0,35,22,9, lstrydom, python3, 406654 426048 426115 454951 454961 454971 457373 457374 457375 457376
20200408 03:30, gpu2002, 0, 00000000:3B:00.0,33,23,0, lstrydom, python3, 406654 426048 426115 454951 454961 454971 457373 457374 457375 457376
20200408 03:30, gpu2002, 1, 00000000:AF:00.0,35,0,0, lstrydom, python3, 406654 426048 426115 454951 454961 454971 457373 457374 457375 457376
20200408 03:30, gpu2002, 2, 00000000:D8:00.0,37,60,33, lstrydom, python3, 406654 426048 426115 454951 454961 454971 457373 457374 457375 457376
20200408 03:35, gpu2002, 0, 00000000:3B:00.0,33,24,9, ltoledo, python, 426048 426115 458110 458120 458131
20200408 03:35, gpu2002, 1, 00000000:AF:00.0,39,33,19, ltoledo, python, 426048 426115 458110 458120 458131
20200408 03:35, gpu2002, 2, 00000000:D8:00.0,41,86,31, ltoledo, python, 426048 426115 458110 458120 458131
20200408 03:40, gpu2002, 0, 00000000:3B:00.0,35,45,18, ltoledo, python, 426048 426115 458110 458120 458131
20200408 03:40, gpu2002, 1, 00000000:AF:00.0,37,25,10, ltoledo, python, 426048 426115 458110 458120 458131
20200408 03:40, gpu2002, 2, 00000000:D8:00.0,40,92,61, ltoledo, python, 426048 426115 458110 458120 458131
20200408 03:45, gpu2002, 0, 00000000:3B:00.0,35,43,23, ltoledo, python, 426048 426115 458110 458120 458131
20200408 03:45, gpu2002, 1, 00000000:AF:00.0,39,32,19, ltoledo, python, 426048 426115 458110 458120 458131
20200408 03:45, gpu2002, 2, 00000000:D8:00.0,33,24,9, ltoledo, python, 426048 426115 458110 458120 458131
20200408 03:50, gpu2002, 0, 00000000:3B:00.0,35,41,20, ltoledo, python, 426048 426115 458110 458120 458131
20200408 03:50, gpu2002, 1, 00000000:AF:00.0,42,66,23, ltoledo, python, 426048 426115 458110 458120 458131
20200408 03:50, gpu2002, 2, 00000000:D8:00.0,40,61,31, ltoledo, python, 426048 426115 458110 458120 458131
20200408 03:55, gpu2002, 0, 00000000:3B:00.0,39,51,27, ltoledo, python, 426048 426115 458110 458120 458131
20200408 03:55, gpu2002, 1, 00000000:AF:00.0,50,98,36, ltoledo, python, 426048 426115 458110 458120 458131
20200408 03:55, gpu2002, 2, 00000000:D8:00.0,34,37,16, ltoledo, python, 426048 426115 458110 458120 458131
20200408 04:00, gpu2002, 0, 00000000:3B:00.0,36,35,16, ltoledo, python, 426048 426115 458110 458120 458131
20200408 04:00, gpu2002, 1, 00000000:AF:00.0,35,7,1, ltoledo, python, 426048 426115 458110 458120 458131
20200408 04:00, gpu2002, 2, 00000000:D8:00.0,35,35,16, ltoledo, python, 426048 426115 458110 458120 458131
20200408 04:05, gpu2002, 0, 00000000:3B:00.0,36,30,7, ltoledo, python, 426048 426115 458110 458120 458131
20200408 04:05, gpu2002, 1, 00000000:AF:00.0,38,0,0, ltoledo, python, 426048 426115 458110 458120 458131
20200408 04:05, gpu2002, 2, 00000000:D8:00.0,40,63,22, ltoledo, python, 426048 426115 458110 458120 458131
20200408 04:10, gpu2002, 0, 00000000:3B:00.0,36,28,14, ltoledo, python, 2405 2417 2427 426048 426115
20200408 04:10, gpu2002, 1, 00000000:AF:00.0,44,91,33, ltoledo, python, 2405 2417 2427 426048 426115
20200408 04:10, gpu2002, 2, 00000000:D8:00.0,43,63,18, ltoledo, python, 2405 2417 2427 426048 426115
20200408 04:15, gpu2002, 0, 00000000:3B:00.0,40,100,29, ltoledo, python, 2405 2417 2427 426048 426115
20200408 04:15, gpu2002, 1, 00000000:AF:00.0,47,81,23, ltoledo, python, 2405 2417 2427 426048 426115
20200408 04:15, gpu2002, 2, 00000000:D8:00.0,34,27,12, ltoledo, python, 2405 2417 2427 426048 426115
20200408 04:20, gpu2002, 0, 00000000:3B:00.0,45,63,14, ltoledo, python, 2405 2417 2427 426048 426115
20200408 04:20, gpu2002, 1, 00000000:AF:00.0,44,90,58, ltoledo, python, 2405 2417 2427 426048 426115
20200408 04:20, gpu2002, 2, 00000000:D8:00.0,36,63,37, ltoledo, python, 2405 2417 2427 426048 426115
20200408 04:25, gpu2002, 0, 00000000:3B:00.0,36,48,23, ltoledo, python, 2405 2417 2427 426048 426115
20200408 04:25, gpu2002, 1, 00000000:AF:00.0,35,12,3, ltoledo, python, 2405 2417 2427 426048 426115
20200408 04:25, gpu2002, 2, 00000000:D8:00.0,35,28,12, ltoledo, python, 2405 2417 2427 426048 426115
20200408 04:30, gpu2002, 0, 00000000:3B:00.0,39,66,19, ltoledo, python, 2405 2417 2427 426048 426115
20200408 04:30, gpu2002, 1, 00000000:AF:00.0,40,36,17, ltoledo, python, 2405 2417 2427 426048 426115
20200408 04:30, gpu2002, 2, 00000000:D8:00.0,35,32,15, ltoledo, python, 2405 2417 2427 426048 426115
20200408 04:35, gpu2002, 0, 00000000:3B:00.0,34,19,8, ltoledo, python, 2405 2417 2427 426048 426115
20200408 04:35, gpu2002, 1, 00000000:AF:00.0,39,22,9, ltoledo, python, 2405 2417 2427 426048 426115
20200408 04:35, gpu2002, 2, 00000000:D8:00.0,36,27,11, ltoledo, python, 2405 2417 2427 426048 426115
20200408 04:40, gpu2002, 0, 00000000:3B:00.0,37,28,14, ltoledo, python, 2405 2417 2427 426048 426115
20200408 04:40, gpu2002, 1, 00000000:AF:00.0,37,0,0, ltoledo, python, 2405 2417 2427 426048 426115
20200408 04:40, gpu2002, 2, 00000000:D8:00.0,33,0,0, ltoledo, python, 2405 2417 2427 426048 426115
20200408 04:45, gpu2002, 0, 00000000:3B:00.0,36,30,10, ltoledo, python, 5030 5040 5051 426048 426115
20200408 04:45, gpu2002, 1, 00000000:AF:00.0,36,12,2, ltoledo, python, 5030 5040 5051 426048 426115
20200408 04:45, gpu2002, 2, 00000000:D8:00.0,34,0,0, ltoledo, python, 5030 5040 5051 426048 426115
20200408 04:50, gpu2002, 0, 00000000:3B:00.0,40,47,21, ltoledo, python, 5030 5040 5051 426048 426115
20200408 04:50, gpu2002, 1, 00000000:AF:00.0,48,67,24, ltoledo, python, 5030 5040 5051 426048 426115
20200408 04:50, gpu2002, 2, 00000000:D8:00.0,36,46,14, ltoledo, python, 5030 5040 5051 426048 426115
20200408 04:55, gpu2002, 0, 00000000:3B:00.0,42,92,25, ltoledo, python, 5030 5040 5051 426048 426115
20200408 04:55, gpu2002, 1, 00000000:AF:00.0,48,89,32, ltoledo, python, 5030 5040 5051 426048 426115
20200408 04:55, gpu2002, 2, 00000000:D8:00.0,34,28,9, ltoledo, python, 5030 5040 5051 426048 426115
20200408 05:00, gpu2002, 0, 00000000:3B:00.0,38,61,19, ltoledo, python, 5030 5040 5051 426048 426115
20200408 05:00, gpu2002, 1, 00000000:AF:00.0,39,27,11, ltoledo, python, 5030 5040 5051 426048 426115
20200408 05:00, gpu2002, 2, 00000000:D8:00.0,34,24,13, ltoledo, python, 5030 5040 5051 426048 426115
20200408 05:05, gpu2002, 0, 00000000:3B:00.0,36,59,20, ltoledo, python, 5030 5040 5051 426048 426115
20200408 05:05, gpu2002, 1, 00000000:AF:00.0,37,26,9, ltoledo, python, 5030 5040 5051 426048 426115
20200408 05:05, gpu2002, 2, 00000000:D8:00.0,37,28,11, ltoledo, python, 5030 5040 5051 426048 426115
20200408 05:10, gpu2002, 0, 00000000:3B:00.0,38,37,12, ltoledo, python, 5030 5040 5051 426048 426115
20200408 05:10, gpu2002, 1, 00000000:AF:00.0,44,61,30, ltoledo, python, 5030 5040 5051 426048 426115
20200408 05:10, gpu2002, 2, 00000000:D8:00.0,35,28,10, ltoledo, python, 5030 5040 5051 426048 426115
20200408 05:15, gpu2002, 0, 00000000:3B:00.0,34,15,4, ltoledo, python, 5030 5040 5051 426048 426115
20200408 05:15, gpu2002, 1, 00000000:AF:00.0,39,36,14, ltoledo, python, 5030 5040 5051 426048 426115
20200408 05:15, gpu2002, 2, 00000000:D8:00.0,34,18,7, ltoledo, python, 5030 5040 5051 426048 426115
20200408 05:20, gpu2002, 0, 00000000:3B:00.0,42,64,23, ltoledo, python, 5030 5040 5051 426048 426115
20200408 05:20, gpu2002, 1, 00000000:AF:00.0,35,0,0, ltoledo, python, 5030 5040 5051 426048 426115
20200408 05:20, gpu2002, 2, 00000000:D8:00.0,31,0,0, ltoledo, python, 5030 5040 5051 426048 426115
20200408 05:25, gpu2002, 0, 00000000:3B:00.0,39,51,23, ltoledo, python, 7946 7956 7967 426048 426115
20200408 05:25, gpu2002, 1, 00000000:AF:00.0,40,26,14, ltoledo, python, 7946 7956 7967 426048 426115
20200408 05:25, gpu2002, 2, 00000000:D8:00.0,37,59,17, ltoledo, python, 7946 7956 7967 426048 426115
20200408 05:30, gpu2002, 0, 00000000:3B:00.0,37,45,15, ltoledo, python, 7946 7956 7967 426048 426115
20200408 05:30, gpu2002, 1, 00000000:AF:00.0,39,36,17, ltoledo, python, 7946 7956 7967 426048 426115
20200408 05:30, gpu2002, 2, 00000000:D8:00.0,38,61,27, ltoledo, python, 7946 7956 7967 426048 426115
20200408 05:35, gpu2002, 0, 00000000:3B:00.0,41,63,18, ltoledo, python, 7946 7956 7967 426048 426115
20200408 05:35, gpu2002, 1, 00000000:AF:00.0,42,42,20, ltoledo, python, 7946 7956 7967 426048 426115
20200408 05:35, gpu2002, 2, 00000000:D8:00.0,38,100,40, ltoledo, python, 7946 7956 7967 426048 426115
20200408 05:40, gpu2002, 0, 00000000:3B:00.0,36,30,16, ltoledo, python, 7946 7956 7967 426048 426115
20200408 05:40, gpu2002, 1, 00000000:AF:00.0,41,27,9, ltoledo, python, 7946 7956 7967 426048 426115
20200408 05:40, gpu2002, 2, 00000000:D8:00.0,36,33,16, ltoledo, python, 7946 7956 7967 426048 426115
20200408 05:45, gpu2002, 0, 00000000:3B:00.0,41,63,22, ltoledo, python, 7946 7956 7967 426048 426115
20200408 05:45, gpu2002, 1, 00000000:AF:00.0,41,35,19, ltoledo, python, 7946 7956 7967 426048 426115
20200408 05:45, gpu2002, 2, 00000000:D8:00.0,32,25,10, ltoledo, python, 7946 7956 7967 426048 426115
20200408 05:50, gpu2002, 0, 00000000:3B:00.0,36,32,10, ltoledo, python, 7946 7956 7967 426048 426115
20200408 05:50, gpu2002, 1, 00000000:AF:00.0,37,22,9, ltoledo, python, 7946 7956 7967 426048 426115
20200408 05:50, gpu2002, 2, 00000000:D8:00.0,35,23,9, ltoledo, python, 7946 7956 7967 426048 426115
20200408 05:55, gpu2002, 0, 00000000:3B:00.0,38,42,18, ltoledo, python, 7946 7956 7967 426048 426115
20200408 05:55, gpu2002, 1, 00000000:AF:00.0,45,74,30, ltoledo, python, 7946 7956 7967 426048 426115
20200408 05:55, gpu2002, 2, 00000000:D8:00.0,35,53,25, ltoledo, python, 7946 7956 7967 426048 426115
20200408 06:00, gpu2002, 0, 00000000:3B:00.0,36,27,13, ltoledo, python, 10731 10743 10756 426048 426115
20200408 06:00, gpu2002, 1, 00000000:AF:00.0,38,37,21, ltoledo, python, 10731 10743 10756 426048 426115
20200408 06:00, gpu2002, 2, 00000000:D8:00.0,35,29,11, ltoledo, python, 10731 10743 10756 426048 426115
20200408 06:05, gpu2002, 0, 00000000:3B:00.0,36,43,16, ltoledo, python, 10731 10743 10756 426048 426115
20200408 06:05, gpu2002, 1, 00000000:AF:00.0,37,26,13, ltoledo, python, 10731 10743 10756 426048 426115
20200408 06:05, gpu2002, 2, 00000000:D8:00.0,34,31,11, ltoledo, python, 10731 10743 10756 426048 426115
20200408 06:10, gpu2002, 0, 00000000:3B:00.0,35,40,12, ltoledo, python, 10731 10743 10756 426048 426115
20200408 06:10, gpu2002, 1, 00000000:AF:00.0,36,0,0, ltoledo, python, 10731 10743 10756 426048 426115
20200408 06:10, gpu2002, 2, 00000000:D8:00.0,36,32,11, ltoledo, python, 10731 10743 10756 426048 426115
20200408 06:15, gpu2002, 0, 00000000:3B:00.0,42,94,30, ltoledo, python, 10731 10743 10756 426048 426115
20200408 06:15, gpu2002, 1, 00000000:AF:00.0,41,61,25, ltoledo, python, 10731 10743 10756 426048 426115
20200408 06:15, gpu2002, 2, 00000000:D8:00.0,34,27,14, ltoledo, python, 10731 10743 10756 426048 426115
20200408 06:20, gpu2002, 0, 00000000:3B:00.0,36,35,11, ltoledo, python, 10731 10743 10756 426048 426115
20200408 06:20, gpu2002, 1, 00000000:AF:00.0,37,33,13, ltoledo, python, 10731 10743 10756 426048 426115
20200408 06:20, gpu2002, 2, 00000000:D8:00.0,34,27,11, ltoledo, python, 10731 10743 10756 426048 426115
20200408 06:25, gpu2002, 0, 00000000:3B:00.0,36,27,13, ltoledo, python, 10731 10743 10756 426048 426115
20200408 06:25, gpu2002, 1, 00000000:AF:00.0,41,35,19, ltoledo, python, 10731 10743 10756 426048 426115
20200408 06:25, gpu2002, 2, 00000000:D8:00.0,34,0,0, ltoledo, python, 10731 10743 10756 426048 426115
20200408 06:30, gpu2002, 0, 00000000:3B:00.0,34,26,9, ltoledo, python, 13136 13147 13158 426048 426115
20200408 06:30, gpu2002, 1, 00000000:AF:00.0,44,62,34, ltoledo, python, 13136 13147 13158 426048 426115
20200408 06:30, gpu2002, 2, 00000000:D8:00.0,34,21,10, ltoledo, python, 13136 13147 13158 426048 426115
20200408 06:35, gpu2002, 0, 00000000:3B:00.0,34,17,2, ltoledo, python, 13136 13147 13158 13573 13599 13600 13601 13602 426048 426115
20200408 06:35, gpu2002, 1, 00000000:AF:00.0,41,33,14, ltoledo, python, 13136 13147 13158 13573 13599 13600 13601 13602 426048 426115
20200408 06:35, gpu2002, 2, 00000000:D8:00.0,35,9,2, ltoledo, python, 13136 13147 13158 13573 13599 13600 13601 13602 426048 426115
20200408 06:40, gpu2002, 0, 00000000:3B:00.0,39,98,49, ltoledo, python, 13136 13147 13158 13573 14122 14123 14124 14125 426048 426115
20200408 06:40, gpu2002, 1, 00000000:AF:00.0,37,31,16, ltoledo, python, 13136 13147 13158 13573 14122 14123 14124 14125 426048 426115
20200408 06:40, gpu2002, 2, 00000000:D8:00.0,33,19,9, ltoledo, python, 13136 13147 13158 13573 14122 14123 14124 14125 426048 426115
20200408 06:45, gpu2002, 0, 00000000:3B:00.0,43,60,17, ltoledo, python, 13136 13147 13158 13573 14558 14559 14560 14561 426048 426115
20200408 06:45, gpu2002, 1, 00000000:AF:00.0,44,60,30, ltoledo, python, 13136 13147 13158 13573 14558 14559 14560 14561 426048 426115
20200408 06:45, gpu2002, 2, 00000000:D8:00.0,35,50,24, ltoledo, python, 13136 13147 13158 13573 14558 14559 14560 14561 426048 426115
20200408 06:50, gpu2002, 0, 00000000:3B:00.0,36,32,9, ltoledo, python, 13136 13147 13158 13573 14988 14989 14990 14991 426048 426115
20200408 06:50, gpu2002, 1, 00000000:AF:00.0,48,60,23, ltoledo, python, 13136 13147 13158 13573 14988 14989 14990 14991 426048 426115
20200408 06:50, gpu2002, 2, 00000000:D8:00.0,42,60,17, ltoledo, python, 13136 13147 13158 13573 14988 14989 14990 14991 426048 426115
20200408 06:55, gpu2002, 0, 00000000:3B:00.0,42,66,23, ltoledo, python, 13136 13147 13158 13573 15438 15439 15440 15441 426048 426115
20200408 06:55, gpu2002, 1, 00000000:AF:00.0,35,8,2, ltoledo, python, 13136 13147 13158 13573 15438 15439 15440 15441 426048 426115
20200408 06:55, gpu2002, 2, 00000000:D8:00.0,38,60,26, ltoledo, python, 13136 13147 13158 13573 15438 15439 15440 15441 426048 426115
20200408 07:00, gpu2002, 0, 00000000:3B:00.0,41,74,36, ltoledo, python, 13136 13147 13158 13573 15885 15886 15887 15888 426048 426115
20200408 07:00, gpu2002, 1, 00000000:AF:00.0,42,60,38, ltoledo, python, 13136 13147 13158 13573 15885 15886 15887 15888 426048 426115
20200408 07:00, gpu2002, 2, 00000000:D8:00.0,35,39,18, ltoledo, python, 13136 13147 13158 13573 15885 15886 15887 15888 426048 426115
20200408 07:05, gpu2002, 0, 00000000:3B:00.0,36,83,39, lstrydom, python3, 13573 16360 16370 16379 16519 16520 16521 16522 426048 426115
20200408 07:05, gpu2002, 1, 00000000:AF:00.0,44,59,21, lstrydom, python3, 13573 16360 16370 16379 16519 16520 16521 16522 426048 426115
20200408 07:05, gpu2002, 2, 00000000:D8:00.0,32,9,2, lstrydom, python3, 13573 16360 16370 16379 16519 16520 16521 16522 426048 426115
20200408 07:10, gpu2002, 0, 00000000:3B:00.0,37,74,36, lstrydom, python3, 13573 16360 16370 16379 16838 16839 16840 16841 426048 426115
20200408 07:10, gpu2002, 1, 00000000:AF:00.0,35,16,6, lstrydom, python3, 13573 16360 16370 16379 16838 16839 16840 16841 426048 426115
20200408 07:10, gpu2002, 2, 00000000:D8:00.0,32,3,2, lstrydom, python3, 13573 16360 16370 16379 16838 16839 16840 16841 426048 426115
20200408 07:15, gpu2002, 0, 00000000:3B:00.0,35,15,6, lstrydom, python3, 13573 16360 16370 16379 17283 17284 17285 17286 426048 426115
20200408 07:15, gpu2002, 1, 00000000:AF:00.0,37,17,6, lstrydom, python3, 13573 16360 16370 16379 17283 17284 17285 17286 426048 426115
20200408 07:15, gpu2002, 2, 00000000:D8:00.0,36,28,10, lstrydom, python3, 13573 16360 16370 16379 17283 17284 17285 17286 426048 426115
20200408 07:20, gpu2002, 0, 00000000:3B:00.0,34,7,0, lstrydom, python3, 13573 16360 16370 16379 17711 17712 17713 17714 426048 426115
20200408 07:20, gpu2002, 1, 00000000:AF:00.0,36,17,7, lstrydom, python3, 13573 16360 16370 16379 17711 17712 17713 17714 426048 426115
20200408 07:20, gpu2002, 2, 00000000:D8:00.0,33,13,6, lstrydom, python3, 13573 16360 16370 16379 17711 17712 17713 17714 426048 426115
20200408 07:25, gpu2002, 0, 00000000:3B:00.0,38,17,6, lstrydom, python3, 13573 16360 16370 16379 18024 18025 18026 18027 426048 426115
20200408 07:25, gpu2002, 1, 00000000:AF:00.0,36,22,12, lstrydom, python3, 13573 16360 16370 16379 18024 18025 18026 18027 426048 426115
20200408 07:25, gpu2002, 2, 00000000:D8:00.0,32,8,1, lstrydom, python3, 13573 16360 16370 16379 18024 18025 18026 18027 426048 426115
20200408 07:30, gpu2002, 0, 00000000:3B:00.0,38,59,28, lstrydom, python3, 13573 16360 16370 16379 18455 18456 18457 18458 426048 426115
20200408 07:30, gpu2002, 1, 00000000:AF:00.0,38,11,5, lstrydom, python3, 13573 16360 16370 16379 18455 18456 18457 18458 426048 426115
20200408 07:30, gpu2002, 2, 00000000:D8:00.0,33,19,9, lstrydom, python3, 13573 16360 16370 16379 18455 18456 18457 18458 426048 426115
20200408 07:35, gpu2002, 0, 00000000:3B:00.0,36,17,6, lstrydom, python3, 13573 18905 18916 18925 19068 19070 19072 19074 426048 426115
20200408 07:35, gpu2002, 1, 00000000:AF:00.0,36,19,6, lstrydom, python3, 13573 18905 18916 18925 19068 19070 19072 19074 426048 426115
20200408 07:35, gpu2002, 2, 00000000:D8:00.0,33,27,1, lstrydom, python3, 13573 18905 18916 18925 19068 19070 19072 19074 426048 426115
20200408 07:40, gpu2002, 0, 00000000:3B:00.0,44,100,59, lstrydom, python3, 13573 18905 18916 18925 19384 19385 19386 19387 426048 426115
20200408 07:40, gpu2002, 1, 00000000:AF:00.0,35,14,4, lstrydom, python3, 13573 18905 18916 18925 19384 19385 19386 19387 426048 426115
20200408 07:40, gpu2002, 2, 00000000:D8:00.0,33,12,3, lstrydom, python3, 13573 18905 18916 18925 19384 19385 19386 19387 426048 426115
20200408 07:45, gpu2002, 0, 00000000:3B:00.0,45,100,68, lstrydom, python3, 13573 18905 18916 18925 19838 19839 19840 19841 426048 426115
20200408 07:45, gpu2002, 1, 00000000:AF:00.0,43,59,23, lstrydom, python3, 13573 18905 18916 18925 19838 19839 19840 19841 426048 426115
20200408 07:45, gpu2002, 2, 00000000:D8:00.0,40,100,62, lstrydom, python3, 13573 18905 18916 18925 19838 19839 19840 19841 426048 426115
20200408 07:50, gpu2002, 0, 00000000:3B:00.0,35,19,7, lstrydom, python3, 13573 18905 18916 18925 20146 20147 20148 20149 426048 426115
20200408 07:50, gpu2002, 1, 00000000:AF:00.0,51,96,62, lstrydom, python3, 13573 18905 18916 18925 20146 20147 20148 20149 426048 426115
20200408 07:50, gpu2002, 2, 00000000:D8:00.0,32,18,6, lstrydom, python3, 13573 18905 18916 18925 20146 20147 20148 20149 426048 426115
20200408 07:55, gpu2002, 0, 00000000:3B:00.0,36,91,48, ltoledo, python, 18905 18916 18925 20539 20566 20567 20568 20570 426048 426115
20200408 07:55, gpu2002, 1, 00000000:AF:00.0,51,100,73, ltoledo, python, 18905 18916 18925 20539 20566 20567 20568 20570 426048 426115
20200408 07:55, gpu2002, 2, 00000000:D8:00.0,33,25,6, ltoledo, python, 18905 18916 18925 20539 20566 20567 20568 20570 426048 426115
20200408 08:00, gpu2002, 0, 00000000:3B:00.0,41,100,37, ltoledo, python, 18905 18916 18925 20539 21066 21067 21068 21069 426048 426115
20200408 08:00, gpu2002, 1, 00000000:AF:00.0,34,17,2, ltoledo, python, 18905 18916 18925 20539 21066 21067 21068 21069 426048 426115
20200408 08:00, gpu2002, 2, 00000000:D8:00.0,37,55,18, ltoledo, python, 18905 18916 18925 20539 21066 21067 21068 21069 426048 426115
20200408 08:05, gpu2002, 0, 00000000:3B:00.0,39,63,28, ltoledo, python, 18905 18916 18925 20539 21598 21599 21600 21601 426048 426115
20200408 08:05, gpu2002, 1, 00000000:AF:00.0,37,33,14, ltoledo, python, 18905 18916 18925 20539 21598 21599 21600 21601 426048 426115
20200408 08:05, gpu2002, 2, 00000000:D8:00.0,33,13,6, ltoledo, python, 18905 18916 18925 20539 21598 21599 21600 21601 426048 426115
20200408 08:10, gpu2002, 0, 00000000:3B:00.0,36,25,12, lstrydom, python3, 20539 21914 21922 21933 22017 22018 22019 22020 426048 426115
20200408 08:10, gpu2002, 1, 00000000:AF:00.0,35,5,2, lstrydom, python3, 20539 21914 21922 21933 22017 22018 22019 22020 426048 426115
20200408 08:10, gpu2002, 2, 00000000:D8:00.0,33,21,9, lstrydom, python3, 20539 21914 21922 21933 22017 22018 22019 22020 426048 426115
20200408 08:15, gpu2002, 0, 00000000:3B:00.0,39,74,35, ltoledo, python, 21914 21922 21933 22431 22460 22461 22462 22463 426048 426115
20200408 08:15, gpu2002, 1, 00000000:AF:00.0,35,0,0, ltoledo, python, 21914 21922 21933 22431 22460 22461 22462 22463 426048 426115
20200408 08:15, gpu2002, 2, 00000000:D8:00.0,34,22,11, ltoledo, python, 21914 21922 21933 22431 22460 22461 22462 22463 426048 426115
20200408 08:20, gpu2002, 0, 00000000:3B:00.0,35,19,9, ltoledo, python, 21914 21922 21933 22431 22940 22941 22942 22943 426048 426115
20200408 08:20, gpu2002, 1, 00000000:AF:00.0,37,38,14, ltoledo, python, 21914 21922 21933 22431 22940 22941 22942 22943 426048 426115
20200408 08:20, gpu2002, 2, 00000000:D8:00.0,34,31,14, ltoledo, python, 21914 21922 21933 22431 22940 22941 22942 22943 426048 426115
20200408 08:25, gpu2002, 0, 00000000:3B:00.0,40,80,39, ltoledo, python, 21914 21922 21933 22431 23376 23377 23378 23379 426048 426115
20200408 08:25, gpu2002, 1, 00000000:AF:00.0,38,35,14, ltoledo, python, 21914 21922 21933 22431 23376 23377 23378 23379 426048 426115
20200408 08:25, gpu2002, 2, 00000000:D8:00.0,35,27,10, ltoledo, python, 21914 21922 21933 22431 23376 23377 23378 23379 426048 426115
20200408 08:30, gpu2002, 0, 00000000:3B:00.0,38,0,0, ltoledo, python, 21914 21922 21933 22431 23688 23689 23690 23691 426048 426115
20200408 08:30, gpu2002, 1, 00000000:AF:00.0,36,22,9, ltoledo, python, 21914 21922 21933 22431 23688 23689 23690 23691 426048 426115
20200408 08:30, gpu2002, 2, 00000000:D8:00.0,32,16,6, ltoledo, python, 21914 21922 21933 22431 23688 23689 23690 23691 426048 426115
20200408 08:35, gpu2002, 0, 00000000:3B:00.0,38,81,35, ltoledo, python, 21914 21922 21933 22431 24179 24180 24181 24182 426048 426115
20200408 08:35, gpu2002, 1, 00000000:AF:00.0,36,15,8, ltoledo, python, 21914 21922 21933 22431 24179 24180 24181 24182 426048 426115
20200408 08:35, gpu2002, 2, 00000000:D8:00.0,35,0,0, ltoledo, python, 21914 21922 21933 22431 24179 24180 24181 24182 426048 426115
20200408 08:40, gpu2002, 0, 00000000:3B:00.0,37,88,44, lstrydom, python3, 22431 24459 24468 24478 24711 24712 24713 24714 426048 426115
20200408 08:40, gpu2002, 1, 00000000:AF:00.0,34,5,0, lstrydom, python3, 22431 24459 24468 24478 24711 24712 24713 24714 426048 426115
20200408 08:40, gpu2002, 2, 00000000:D8:00.0,33,27,12, lstrydom, python3, 22431 24459 24468 24478 24711 24712 24713 24714 426048 426115
20200408 08:45, gpu2002, 0, 00000000:3B:00.0,37,24,10, lstrydom, python3, 22431 24459 24468 24478 25031 25032 25033 25034 426048 426115
20200408 08:45, gpu2002, 1, 00000000:AF:00.0,35,19,9, lstrydom, python3, 22431 24459 24468 24478 25031 25032 25033 25034 426048 426115
20200408 08:45, gpu2002, 2, 00000000:D8:00.0,34,43,29, lstrydom, python3, 22431 24459 24468 24478 25031 25032 25033 25034 426048 426115
20200408 08:50, gpu2002, 0, 00000000:3B:00.0,36,24,6, lstrydom, python3, 22431 24459 24468 24478 25455 25456 25457 25458 426048 426115
20200408 08:50, gpu2002, 1, 00000000:AF:00.0,37,17,8, lstrydom, python3, 22431 24459 24468 24478 25455 25456 25457 25458 426048 426115
20200408 08:50, gpu2002, 2, 00000000:D8:00.0,35,37,17, lstrydom, python3, 22431 24459 24468 24478 25455 25456 25457 25458 426048 426115
20200408 08:55, gpu2002, 0, 00000000:3B:00.0,38,86,42, lstrydom, python3, 22431 24459 24468 24478 25908 25909 25910 25911 426048 426115
20200408 08:55, gpu2002, 1, 00000000:AF:00.0,38,23,11, lstrydom, python3, 22431 24459 24468 24478 25908 25909 25910 25911 426048 426115
20200408 08:55, gpu2002, 2, 00000000:D8:00.0,34,18,7, lstrydom, python3, 22431 24459 24468 24478 25908 25909 25910 25911 426048 426115
20200408 09:00, gpu2002, 0, 00000000:3B:00.0,38,77,36, lstrydom, python3, 22431 24459 24468 24478 26215 26216 26217 26218 426048 426115
20200408 09:00, gpu2002, 1, 00000000:AF:00.0,41,59,21, lstrydom, python3, 22431 24459 24468 24478 26215 26216 26217 26218 426048 426115
20200408 09:00, gpu2002, 2, 00000000:D8:00.0,35,100,29, lstrydom, python3, 22431 24459 24468 24478 26215 26216 26217 26218 426048 426115
20200408 09:05, gpu2002, 0, 00000000:3B:00.0,36,18,10, lstrydom, python3, 22431 24459 24468 24478 26748 26749 26750 26751 426048 426115
20200408 09:05, gpu2002, 1, 00000000:AF:00.0,36,21,10, lstrydom, python3, 22431 24459 24468 24478 26748 26749 26750 26751 426048 426115
20200408 09:05, gpu2002, 2, 00000000:D8:00.0,33,19,9, lstrydom, python3, 22431 24459 24468 24478 26748 26749 26750 26751 426048 426115
20200408 09:10, gpu2002, 0, 00000000:3B:00.0,40,82,48, lstrydom, python3, 22431 26969 26979 26997 27318 27319 27320 27321 426048 426115
20200408 09:10, gpu2002, 1, 00000000:AF:00.0,38,19,8, lstrydom, python3, 22431 26969 26979 26997 27318 27319 27320 27321 426048 426115
20200408 09:10, gpu2002, 2, 00000000:D8:00.0,34,18,9, lstrydom, python3, 22431 26969 26979 26997 27318 27319 27320 27321 426048 426115
20200408 09:15, gpu2002, 0, 00000000:3B:00.0,32,0,0, lstrydom, python3, 22431 27571 27572 27573 27574
20200408 09:15, gpu2002, 1, 00000000:AF:00.0,32,0,0, lstrydom, python3, 22431 27571 27572 27573 27574
20200408 09:15, gpu2002, 2, 00000000:D8:00.0,31,0,0, lstrydom, python3, 22431 27571 27572 27573 27574
20200408 09:20, gpu2002, 0, 00000000:3B:00.0,33,52,28, lstrydom, python3, 22431 28004 28005 28006 28007
20200408 09:20, gpu2002, 1, 00000000:AF:00.0,32,0,0, lstrydom, python3, 22431 28004 28005 28006 28007
20200408 09:20, gpu2002, 2, 00000000:D8:00.0,31,0,0, lstrydom, python3, 22431 28004 28005 28006 28007
20200408 09:25, gpu2002, 0, 00000000:3B:00.0,36,81,44, lstrydom, python3, 22431 28430 28431 28432 28433
20200408 09:25, gpu2002, 1, 00000000:AF:00.0,32,0,0, lstrydom, python3, 22431 28430 28431 28432 28433
20200408 09:25, gpu2002, 2, 00000000:D8:00.0,31,0,0, lstrydom, python3, 22431 28430 28431 28432 28433
20200408 09:30, gpu2002, 0, 00000000:3B:00.0,34,38,16, lstrydom, python3, 22431 29059 29060 29061 29062
20200408 09:30, gpu2002, 1, 00000000:AF:00.0,32,0,0, lstrydom, python3, 22431 29059 29060 29061 29062
20200408 09:30, gpu2002, 2, 00000000:D8:00.0,31,0,0, lstrydom, python3, 22431 29059 29060 29061 29062
20200408 09:35, gpu2002, 0, 00000000:3B:00.0,33,0,0, lstrydom, python3, 22431 29668 29669 29670 29671
20200408 09:35, gpu2002, 1, 00000000:AF:00.0,34,8,1, lstrydom, python3, 22431 28937 29668 29669 29670 29671
20200408 09:35, gpu2002, 2, 00000000:D8:00.0,31,0,0, lstrydom, python3, 22431 29668 29669 29670 29671
20200408 09:40, gpu2002, 0, 00000000:3B:00.0,38,47,23, lstrydom, python3, 22431 35845 35847 35848 35849
20200408 09:40, gpu2002, 1, 00000000:AF:00.0,53,100,0, lstrydom, python3, 22431 28937 35845 35847 35848 35849
20200408 09:40, gpu2002, 2, 00000000:D8:00.0,31,0,0, lstrydom, python3, 22431 35845 35847 35848 35849
20200408 09:45, gpu2002, 0, 00000000:3B:00.0,34,31,16, lstrydom, python3, 22431 28934 37429 37430 37431 37432
20200408 09:45, gpu2002, 1, 00000000:AF:00.0,56,100,0, lstrydom, python3, 22431 28937 37429 37430 37431 37432
20200408 09:45, gpu2002, 2, 00000000:D8:00.0,31,0,0, lstrydom, python3, 22431 37429 37430 37431 37432
20200408 09:50, gpu2002, 0, 00000000:3B:00.0,33,42,18, lstrydom, python3, 22431 28934 38531 38532 38533 38534
20200408 09:50, gpu2002, 1, 00000000:AF:00.0,56,98,0, lstrydom, python3, 22431 28937 38531 38532 38533 38534
20200408 09:50, gpu2002, 2, 00000000:D8:00.0,31,0,0, lstrydom, python3, 22431 38531 38532 38533 38534
20200408 09:55, gpu2002, 0, 00000000:3B:00.0,37,60,30, lstrydom, python3, 22431 28934 40300 40301 40302 40303
20200408 09:55, gpu2002, 1, 00000000:AF:00.0,56,100,0, lstrydom, python3, 22431 28937 40300 40301 40302 40303
20200408 09:55, gpu2002, 2, 00000000:D8:00.0,31,0,0, lstrydom, python3, 22431 40300 40301 40302 40303
20200408 10:00, gpu2002, 0, 00000000:3B:00.0,33,0,0, lstrydom, python3, 22431 28934 42094 42095 42096 42097
20200408 10:00, gpu2002, 1, 00000000:AF:00.0,55,100,0, lstrydom, python3, 22431 28937 42094 42095 42096 42097
20200408 10:00, gpu2002, 2, 00000000:D8:00.0,31,0,0, lstrydom, python3, 22431 42094 42095 42096 42097
20200408 10:05, gpu2002, 0, 00000000:3B:00.0,33,0,0, lstrydom, python3, 22431 28934 43375 43376 43377 43378
20200408 10:05, gpu2002, 1, 00000000:AF:00.0,53,56,0, lstrydom, python3, 22431 28937 43375 43376 43377 43378
20200408 10:05, gpu2002, 2, 00000000:D8:00.0,31,0,0, lstrydom, python3, 22431 43375 43376 43377 43378
20200408 10:10, gpu2002, 0, 00000000:3B:00.0,32,0,0, lstrydom, python3, 22431 44336 44337 44338 44339
20200408 10:10, gpu2002, 1, 00000000:AF:00.0,41,0,0, lstrydom, python3, 22431 28937 44336 44337 44338 44339
20200408 10:10, gpu2002, 2, 00000000:D8:00.0,31,0,0, lstrydom, python3, 22431 44336 44337 44338 44339
20200408 10:15, gpu2002, 0, 00000000:3B:00.0,33,0,0, lstrydom, python3, 22431 44827 44828 44829 44830
20200408 10:15, gpu2002, 1, 00000000:AF:00.0,52,100,0, lstrydom, python3, 22431 28937 44827 44828 44829 44830
20200408 10:15, gpu2002, 2, 00000000:D8:00.0,31,0,0, lstrydom, python3, 22431 44827 44828 44829 44830
20200408 10:20, gpu2002, 0, 00000000:3B:00.0,35,0,0, lstrydom, python3, 22431 45247 45248 45249 45250
20200408 10:20, gpu2002, 1, 00000000:AF:00.0,54,100,0, lstrydom, python3, 22431 28937 45247 45248 45249 45250
20200408 10:20, gpu2002, 2, 00000000:D8:00.0,31,0,0, lstrydom, python3, 22431 45247 45248 45249 45250
20200408 10:25, gpu2002, 0, 00000000:3B:00.0,35,38,16, lstrydom, python3, 22431 45676 45678 45679 45680
20200408 10:25, gpu2002, 1, 00000000:AF:00.0,56,100,0, lstrydom, python3, 22431 28937 45676 45678 45679 45680
20200408 10:25, gpu2002, 2, 00000000:D8:00.0,31,0,0, lstrydom, python3, 22431 45676 45678 45679 45680
20200408 10:30, gpu2002, 0, 00000000:3B:00.0,33,0,0, lstrydom, python3, 22431 45981 45982 45983 45984
20200408 10:30, gpu2002, 1, 00000000:AF:00.0,43,0,0, lstrydom, python3, 22431 28937 45981 45982 45983 45984
20200408 10:30, gpu2002, 2, 00000000:D8:00.0,31,0,0, lstrydom, python3, 22431 45981 45982 45983 45984
20200408 10:35, gpu2002, 0, 00000000:3B:00.0,37,65,32, lstrydom, python3, 22431 46475 46476 46477 46478
20200408 10:35, gpu2002, 1, 00000000:AF:00.0,51,100,0, lstrydom, python3, 22431 28937 46475 46476 46477 46478
20200408 10:35, gpu2002, 2, 00000000:D8:00.0,31,0,0, lstrydom, python3, 22431 46475 46476 46477 46478
20200408 10:40, gpu2002, 0, 00000000:3B:00.0,35,36,18, lstrydom, python3, 22431 46893 46894 46895 46896
20200408 10:40, gpu2002, 1, 00000000:AF:00.0,54,100,0, lstrydom, python3, 22431 28937 46893 46894 46895 46896
20200408 10:40, gpu2002, 2, 00000000:D8:00.0,31,0,0, lstrydom, python3, 22431 46893 46894 46895 46896
20200408 10:45, gpu2002, 0, 00000000:3B:00.0,33,26,16, lstrydom, python3, 22431 47198 47199 47200 47201
20200408 10:45, gpu2002, 1, 00000000:AF:00.0,56,100,0, lstrydom, python3, 22431 28937 47198 47199 47200 47201
20200408 10:45, gpu2002, 2, 00000000:D8:00.0,31,0,0, lstrydom, python3, 22431 47198 47199 47200 47201
20200408 10:50, gpu2002, 0, 00000000:3B:00.0,36,52,28, lstrydom, python3, 22431 48054 48055 48056 48058
20200408 10:50, gpu2002, 1, 00000000:AF:00.0,51,55,0, lstrydom, python3, 22431 28937 48054 48055 48056 48058
20200408 10:50, gpu2002, 2, 00000000:D8:00.0,31,0,0, lstrydom, python3, 22431 48054 48055 48056 48058
20200408 10:55, gpu2002, 0, 00000000:3B:00.0,42,86,20, lstrydom, python3, 22431 48514 48540 48748 48749 48750 48751
20200408 10:55, gpu2002, 1, 00000000:AF:00.0,49,100,0, lstrydom, python3, 22431 28937 48748 48749 48750 48751
20200408 10:55, gpu2002, 2, 00000000:D8:00.0,31,0,0, lstrydom, python3, 22431 48748 48749 48750 48751
20200408 11:00, gpu2002, 0, 00000000:3B:00.0,42,91,31, lstrydom, python3, 22431 48514 48540 49077 49078 49079 49080
20200408 11:00, gpu2002, 1, 00000000:AF:00.0,53,98,0, lstrydom, python3, 22431 28937 49077 49078 49079 49080
20200408 11:00, gpu2002, 2, 00000000:D8:00.0,31,0,0, lstrydom, python3, 22431 49077 49078 49079 49080
20200408 11:05, gpu2002, 0, 00000000:3B:00.0,43,93,31, lstrydom, python3, 22431 48514 48540 49619 49620 49621 49622
20200408 11:05, gpu2002, 1, 00000000:AF:00.0,55,100,0, lstrydom, python3, 22431 28937 49619 49620 49621 49622
20200408 11:05, gpu2002, 2, 00000000:D8:00.0,31,0,0, lstrydom, python3, 22431 49619 49620 49621 49622
20200408 11:10, gpu2002, 0, 00000000:3B:00.0,42,86,20, lstrydom, python3, 22431 48514 48540 50075 50076 50077 50078
20200408 11:10, gpu2002, 1, 00000000:AF:00.0,56,100,0, lstrydom, python3, 22431 28937 50075 50076 50077 50078
20200408 11:10, gpu2002, 2, 00000000:D8:00.0,31,0,0, lstrydom, python3, 22431 50075 50076 50077 50078
20200408 11:15, gpu2002, 0, 00000000:3B:00.0,42,89,25, lstrydom, python3, 22431 48514 48540 50411 50412 50413 50414
20200408 11:15, gpu2002, 1, 00000000:AF:00.0,42,0,0, lstrydom, python3, 22431 28937 50411 50412 50413 50414
20200408 11:15, gpu2002, 2, 00000000:D8:00.0,31,0,0, lstrydom, python3, 22431 50411 50412 50413 50414
20200408 11:20, gpu2002, 0, 00000000:3B:00.0,43,96,38, lstrydom, python3, 22431 48514 48540 50938 50940 50941 50942
20200408 11:20, gpu2002, 1, 00000000:AF:00.0,51,100,0, lstrydom, python3, 22431 28937 50938 50940 50941 50942
20200408 11:20, gpu2002, 2, 00000000:D8:00.0,31,0,0, lstrydom, python3, 22431 50938 50940 50941 50942
20200408 11:25, gpu2002, 0, 00000000:3B:00.0,43,92,31, lstrydom, python3, 22431 48514 48540 51406 51407 51408 51409
20200408 11:25, gpu2002, 1, 00000000:AF:00.0,54,100,0, lstrydom, python3, 22431 28937 51406 51407 51408 51409
20200408 11:25, gpu2002, 2, 00000000:D8:00.0,31,0,0, lstrydom, python3, 22431 51406 51407 51408 51409
20200408 11:30, gpu2002, 0, 00000000:3B:00.0,42,86,20, lstrydom, python3, 22431 48514 48540 51731 51732 51733 51734
20200408 11:30, gpu2002, 1, 00000000:AF:00.0,55,100,0, lstrydom, python3, 22431 28937 51731 51732 51733 51734
20200408 11:30, gpu2002, 2, 00000000:D8:00.0,31,0,0, lstrydom, python3, 22431 51731 51732 51733 51734
20200408 11:35, gpu2002, 0, 00000000:3B:00.0,43,86,20, lstrydom, python3, 22431 48514 48540 52805 52806 52807 52808
20200408 11:35, gpu2002, 1, 00000000:AF:00.0,47,0,0, lstrydom, python3, 22431 28937 52805 52806 52807 52808
20200408 11:35, gpu2002, 2, 00000000:D8:00.0,31,8,2, lstrydom, python3, 22431 50510 52805 52806 52807 52808
20200408 11:40, gpu2002, 0, 00000000:3B:00.0,42,92,30, lstrydom, python3, 22431 48514 48540 54489 54490 54491 54492
20200408 11:40, gpu2002, 1, 00000000:AF:00.0,49,100,0, lstrydom, python3, 22431 28937 54489 54490 54491 54492
20200408 11:40, gpu2002, 2, 00000000:D8:00.0,31,0,0, lstrydom, python3, 22431 50510 54489 54490 54491 54492
20200408 11:45, gpu2002, 0, 00000000:3B:00.0,42,92,31, lstrydom, python3, 22431 48514 48540 55705 55706 55707 55708
20200408 11:45, gpu2002, 1, 00000000:AF:00.0,53,100,0, lstrydom, python3, 22431 28937 55705 55706 55707 55708
20200408 11:45, gpu2002, 2, 00000000:D8:00.0,31,0,0, lstrydom, python3, 22431 50510 55705 55706 55707 55708
20200408 11:50, gpu2002, 0, 00000000:3B:00.0,43,86,21, lstrydom, python3, 22431 48514 48540 57572 57573 57574 57575
20200408 11:50, gpu2002, 1, 00000000:AF:00.0,55,100,0, lstrydom, python3, 22431 28937 57572 57573 57574 57575
20200408 11:50, gpu2002, 2, 00000000:D8:00.0,31,0,0, lstrydom, python3, 22431 50510 57572 57573 57574 57575
20200408 11:55, gpu2002, 0, 00000000:3B:00.0,42,86,20, lstrydom, python3, 22431 48514 48540 59467 59468 59469 59470
20200408 11:55, gpu2002, 1, 00000000:AF:00.0,56,98,0, lstrydom, python3, 22431 28937 59467 59468 59469 59470
20200408 11:55, gpu2002, 2, 00000000:D8:00.0,31,10,1, lstrydom, python3, 22431 50510 59467 59468 59469 59470
20200408 12:00, gpu2002, 0, 00000000:3B:00.0,42,87,20, lstrydom, python3, 22431 48514 48540 60330 60331 60332 60333
20200408 12:00, gpu2002, 1, 00000000:AF:00.0,41,0,0, lstrydom, python3, 22431 28937 60330 60331 60332 60333
20200408 12:00, gpu2002, 2, 00000000:D8:00.0,42,98,42, lstrydom, python3, 22431 50510 60330 60331 60332 60333
20200408 12:05, gpu2002, 0, 00000000:3B:00.0,43,98,43, lstrydom, python3, 22431 48514 48540 60864 60865 60866 60867
20200408 12:05, gpu2002, 1, 00000000:AF:00.0,53,100,0, lstrydom, python3, 22431 28937 60864 60865 60866 60867
20200408 12:05, gpu2002, 2, 00000000:D8:00.0,43,98,42, lstrydom, python3, 22431 50510 60864 60865 60866 60867
20200408 12:10, gpu2002, 0, 00000000:3B:00.0,42,86,20, lstrydom, python3, 22431 48514 48540 61306 61307 61308 61309
20200408 12:10, gpu2002, 1, 00000000:AF:00.0,55,100,0, lstrydom, python3, 22431 28937 61306 61307 61308 61309
20200408 12:10, gpu2002, 2, 00000000:D8:00.0,42,88,38, lstrydom, python3, 22431 50510 61306 61307 61308 61309
20200408 12:15, gpu2002, 0, 00000000:3B:00.0,42,86,20, lstrydom, python3, 22431 48514 48540 61620 61621 61622 61623
20200408 12:15, gpu2002, 1, 00000000:AF:00.0,56,100,0, lstrydom, python3, 22431 28937 61620 61621 61622 61623
20200408 12:15, gpu2002, 2, 00000000:D8:00.0,42,89,37, lstrydom, python3, 22431 50510 61620 61621 61622 61623
20200408 12:20, gpu2002, 0, 00000000:3B:00.0,43,97,40, lstrydom, python3, 22431 48514 48540 62087 62088 62089 62090
20200408 12:20, gpu2002, 1, 00000000:AF:00.0,45,0,0, lstrydom, python3, 22431 28937 62087 62088 62089 62090
20200408 12:20, gpu2002, 2, 00000000:D8:00.0,42,98,42, lstrydom, python3, 22431 50510 62087 62088 62089 62090
20200408 12:25, gpu2002, 0, 00000000:3B:00.0,42,93,32, lstrydom, python3, 22431 48514 48540 62535 62536 62537 62538
20200408 12:25, gpu2002, 1, 00000000:AF:00.0,50,100,0, lstrydom, python3, 22431 28937 62535 62536 62537 62538
20200408 12:25, gpu2002, 2, 00000000:D8:00.0,42,98,42, lstrydom, python3, 22431 50510 62535 62536 62537 62538
20200408 12:30, gpu2002, 0, 00000000:3B:00.0,42,95,40, lstrydom, python3, 22431 48514 48540 62836 62837 62838 62839
20200408 12:30, gpu2002, 1, 00000000:AF:00.0,54,100,0, lstrydom, python3, 22431 28937 62836 62837 62838 62839
20200408 12:30, gpu2002, 2, 00000000:D8:00.0,42,98,42, lstrydom, python3, 22431 50510 62836 62837 62838 62839
20200408 12:35, gpu2002, 0, 00000000:3B:00.0,43,97,40, lstrydom, python3, 22431 48514 48540 63352 63353 63354 63355
20200408 12:35, gpu2002, 1, 00000000:AF:00.0,55,100,0, lstrydom, python3, 22431 28937 63352 63353 63354 63355
20200408 12:35, gpu2002, 2, 00000000:D8:00.0,42,98,42, lstrydom, python3, 22431 50510 63352 63353 63354 63355
20200408 12:40, gpu2002, 0, 00000000:3B:00.0,42,87,20, lstrydom, python3, 22431 48514 48540 64074 64075 64076 64077
20200408 12:40, gpu2002, 1, 00000000:AF:00.0,52,55,0, lstrydom, python3, 22431 28937 64074 64075 64076 64077
20200408 12:40, gpu2002, 2, 00000000:D8:00.0,42,98,42, lstrydom, python3, 22431 50510 64074 64075 64076 64077
20200408 12:45, gpu2002, 0, 00000000:3B:00.0,42,92,31, lstrydom, python3, 22431 48514 48540 64388 64389 64390 64391
20200408 12:45, gpu2002, 1, 00000000:AF:00.0,45,100,0, lstrydom, python3, 22431 28937 64388 64389 64390 64391
20200408 12:45, gpu2002, 2, 00000000:D8:00.0,42,87,36, lstrydom, python3, 22431 50510 64388 64389 64390 64391
20200408 12:50, gpu2002, 0, 00000000:3B:00.0,42,96,39, lstrydom, python3, 22431 48514 48540 64830 64831 64832 64833
20200408 12:50, gpu2002, 1, 00000000:AF:00.0,53,100,0, lstrydom, python3, 22431 28937 64830 64831 64832 64833
20200408 12:50, gpu2002, 2, 00000000:D8:00.0,42,82,35, lstrydom, python3, 22431 50510 64830 64831 64832 64833
20200408 12:55, gpu2002, 0, 00000000:3B:00.0,42,86,20, lstrydom, python3, 22431 48514 48540 65302 65303 65304 65305
20200408 12:55, gpu2002, 1, 00000000:AF:00.0,54,100,0, lstrydom, python3, 22431 28937 65302 65303 65304 65305
20200408 12:55, gpu2002, 2, 00000000:D8:00.0,41,98,43, lstrydom, python3, 22431 50510 65302 65303 65304 65305
20200408 13:00, gpu2002, 0, 00000000:3B:00.0,42,92,31, lstrydom, python3, 22431 48514 48540 65609 65610 65611 65612
20200408 13:00, gpu2002, 1, 00000000:AF:00.0,55,100,0, lstrydom, python3, 22431 28937 65609 65610 65611 65612
20200408 13:00, gpu2002, 2, 00000000:D8:00.0,40,98,43, lstrydom, python3, 22431 50510 65609 65610 65611 65612
20200408 13:05, gpu2002, 0, 00000000:3B:00.0,42,99,44, lstrydom, python3, 22431 48514 48540 66141 66142 66143 66144
20200408 13:05, gpu2002, 1, 00000000:AF:00.0,43,0,0, lstrydom, python3, 22431 28937 66141 66142 66143 66144
20200408 13:05, gpu2002, 2, 00000000:D8:00.0,37,88,37, lstrydom, python3, 22431 50510 66141 66142 66143 66144
20200408 13:10, gpu2002, 0, 00000000:3B:00.0,43,93,31, lstrydom, python3, 22431 48514 48540 66589 66590 66591 66592
20200408 13:10, gpu2002, 1, 00000000:AF:00.0,51,100,0, lstrydom, python3, 22431 28937 66589 66590 66591 66592
20200408 13:10, gpu2002, 2, 00000000:D8:00.0,36,0,0, lstrydom, python3, 22431 50510 66589 66590 66591 66592
20200408 13:15, gpu2002, 0, 00000000:3B:00.0,42,86,21, lstrydom, python3, 22431 48514 48540 66920 66921 66922 66923
20200408 13:15, gpu2002, 1, 00000000:AF:00.0,53,100,0, lstrydom, python3, 22431 28937 66920 66921 66922 66923
20200408 13:15, gpu2002, 2, 00000000:D8:00.0,41,72,23, lstrydom, python3, 22431 50510 66920 66921 66922 66923
20200408 13:20, gpu2002, 0, 00000000:3B:00.0,43,95,33, lstrydom, python3, 22431 48514 48540 67361 67362 67363 67364
20200408 13:20, gpu2002, 1, 00000000:AF:00.0,55,100,0, lstrydom, python3, 22431 28937 67361 67362 67363 67364
20200408 13:20, gpu2002, 2, 00000000:D8:00.0,43,98,40, lstrydom, python3, 22431 50510 67361 67362 67363 67364
20200408 13:25, gpu2002, 0, 00000000:3B:00.0,42,86,20, lstrydom, python3, 22431 48514 48540 67814 67815 67816 67817
20200408 13:25, gpu2002, 1, 00000000:AF:00.0,52,56,0, lstrydom, python3, 22431 28937 67814 67815 67816 67817
20200408 13:25, gpu2002, 2, 00000000:D8:00.0,43,70,28, lstrydom, python3, 22431 50510 67814 67815 67816 67817
20200408 13:30, gpu2002, 0, 00000000:3B:00.0,42,92,30, lstrydom, python3, 22431 48514 48540 68146 68147 68148 68149
20200408 13:30, gpu2002, 1, 00000000:AF:00.0,47,100,0, lstrydom, python3, 22431 28937 68146 68147 68148 68149
20200408 13:30, gpu2002, 2, 00000000:D8:00.0,43,89,37, lstrydom, python3, 22431 50510 68146 68147 68148 68149
20200408 13:35, gpu2002, 0, 00000000:3B:00.0,42,95,38, lstrydom, python3, 22431 48514 48540 68667 68668 68669 68670
20200408 13:35, gpu2002, 1, 00000000:AF:00.0,53,100,0, lstrydom, python3, 22431 28937 68667 68668 68669 68670
20200408 13:35, gpu2002, 2, 00000000:D8:00.0,43,98,42, lstrydom, python3, 22431 50510 68667 68668 68669 68670
20200408 13:40, gpu2002, 0, 00000000:3B:00.0,42,92,33, lstrydom, python3, 22431 48514 48540 69114 69115 69116 69117
20200408 13:40, gpu2002, 1, 00000000:AF:00.0,54,100,0, lstrydom, python3, 22431 28937 69114 69115 69116 69117
20200408 13:40, gpu2002, 2, 00000000:D8:00.0,43,98,39, lstrydom, python3, 22431 50510 69114 69115 69116 69117
20200408 13:45, gpu2002, 0, 00000000:3B:00.0,42,86,20, lstrydom, python3, 22431 48514 48540 69452 69453 69454 69455
20200408 13:45, gpu2002, 1, 00000000:AF:00.0,55,100,0, lstrydom, python3, 22431 28937 69452 69453 69454 69455
20200408 13:45, gpu2002, 2, 00000000:D8:00.0,44,98,38, lstrydom, python3, 22431 50510 69452 69453 69454 69455
20200408 13:50, gpu2002, 0, 00000000:3B:00.0,43,98,45, lstrydom, python3, 22431 48514 48540 69896 69897 69898 69899
20200408 13:50, gpu2002, 1, 00000000:AF:00.0,43,0,0, lstrydom, python3, 22431 28937 69896 69897 69898 69899
20200408 13:50, gpu2002, 2, 00000000:D8:00.0,43,91,36, lstrydom, python3, 22431 50510 69896 69897 69898 69899
20200408 13:55, gpu2002, 0, 00000000:3B:00.0,42,94,35, lstrydom, python3, 22431 48514 48540 70350 70351 70352 70353
20200408 13:55, gpu2002, 1, 00000000:AF:00.0,51,100,0, lstrydom, python3, 22431 28937 70350 70351 70352 70353
20200408 13:55, gpu2002, 2, 00000000:D8:00.0,43,98,40, lstrydom, python3, 22431 50510 70350 70351 70352 70353
20200408 14:00, gpu2002, 0, 00000000:3B:00.0,42,91,30, lstrydom, python3, 22431 48514 48540 70673 70674 70675 70676
20200408 14:00, gpu2002, 1, 00000000:AF:00.0,54,100,0, lstrydom, python3, 22431 28937 70673 70674 70675 70676
20200408 14:00, gpu2002, 2, 00000000:D8:00.0,42,88,37, lstrydom, python3, 22431 50510 70673 70674 70675 70676
20200408 14:05, gpu2002, 0, 00000000:3B:00.0,42,61,14, lstrydom, python3, 22431 48514 48540 71220 71221 71222 71223
20200408 14:05, gpu2002, 1, 00000000:AF:00.0,55,98,0, lstrydom, python3, 22431 28937 71220 71221 71222 71223
20200408 14:05, gpu2002, 2, 00000000:D8:00.0,41,87,34, lstrydom, python3, 22431 50510 71220 71221 71222 71223
20200408 14:10, gpu2002, 0, 00000000:3B:00.0,43,93,31, lstrydom, python3, 22431 48514 48540 71667 71668 71669 71670
20200408 14:10, gpu2002, 1, 00000000:AF:00.0,51,54,0, lstrydom, python3, 22431 28937 71667 71668 71669 71670
20200408 14:10, gpu2002, 2, 00000000:D8:00.0,36,0,0, lstrydom, python3, 22431 50510 71667 71668 71669 71670
20200408 14:15, gpu2002, 0, 00000000:3B:00.0,42,94,36, lstrydom, python3, 22431 48514 48540 72005 72006 72007 72008
20200408 14:15, gpu2002, 1, 00000000:AF:00.0,48,100,0, lstrydom, python3, 22431 28937 72005 72006 72007 72008
20200408 14:15, gpu2002, 2, 00000000:D8:00.0,41,71,21, lstrydom, python3, 22431 50510 72005 72006 72007 72008
20200408 14:20, gpu2002, 0, 00000000:3B:00.0,42,98,43, lstrydom, python3, 22431 48514 48540 72461 72462 72463 72464
20200408 14:20, gpu2002, 1, 00000000:AF:00.0,53,100,0, lstrydom, python3, 22431 28937 72461 72462 72463 72464
20200408 14:20, gpu2002, 2, 00000000:D8:00.0,43,88,33, lstrydom, python3, 22431 50510 72461 72462 72463 72464
20200408 14:25, gpu2002, 0, 00000000:3B:00.0,42,86,20, lstrydom, python3, 22431 48514 48540 72921 72922 72923 72924
20200408 14:25, gpu2002, 1, 00000000:AF:00.0,55,98,0, lstrydom, python3, 22431 28937 72921 72922 72923 72924
20200408 14:25, gpu2002, 2, 00000000:D8:00.0,44,98,39, lstrydom, python3, 22431 50510 72921 72922 72923 72924
20200408 14:30, gpu2002, 0, 00000000:3B:00.0,42,86,20, lstrydom, python3, 22431 48514 48540 73249 73250 73251 73252
20200408 14:30, gpu2002, 1, 00000000:AF:00.0,55,100,0, lstrydom, python3, 22431 28937 73249 73250 73251 73252
20200408 14:30, gpu2002, 2, 00000000:D8:00.0,44,98,38, lstrydom, python3, 22431 50510 73249 73250 73251 73252
20200408 14:35, gpu2002, 0, 00000000:3B:00.0,38,98,11, lstrydom, python3, 22431 48514 48540 73771 73772 73773 73775
20200408 14:35, gpu2002, 1, 00000000:AF:00.0,42,0,0, lstrydom, python3, 22431 28937 73771 73772 73773 73775
20200408 14:35, gpu2002, 2, 00000000:D8:00.0,44,98,37, lstrydom, python3, 22431 50510 73771 73772 73773 73775
20200408 14:40, gpu2002, 0, 00000000:3B:00.0,37,98,11, lstrydom, python3, 22431 48514 48540 73771 73772 73773 73775
20200408 14:40, gpu2002, 1, 00000000:AF:00.0,52,100,0, lstrydom, python3, 22431 28937 73771 73772 73773 73775
20200408 14:40, gpu2002, 2, 00000000:D8:00.0,43,87,33, lstrydom, python3, 22431 50510 73771 73772 73773 73775
20200408 14:45, gpu2002, 0, 00000000:3B:00.0,38,92,15, lstrydom, python3, 22431 48514 48540 73771 73772 73773 73775
20200408 14:45, gpu2002, 1, 00000000:AF:00.0,54,100,0, lstrydom, python3, 22431 28937 73771 73772 73773 73775
20200408 14:45, gpu2002, 2, 00000000:D8:00.0,43,98,37, lstrydom, python3, 22431 50510 73771 73772 73773 73775
20200408 14:50, gpu2002, 0, 00000000:3B:00.0,36,98,11, lstrydom, python3, 22431 48514 48540 73771 73772 73773 73775
20200408 14:50, gpu2002, 1, 00000000:AF:00.0,55,100,0, lstrydom, python3, 22431 28937 73771 73772 73773 73775
20200408 14:50, gpu2002, 2, 00000000:D8:00.0,42,98,37, lstrydom, python3, 22431 50510 73771 73772 73773 73775
20200408 14:55, gpu2002, 0, 00000000:3B:00.0,37,92,15, lstrydom, python3, 22431 48514 48540 73771 73772 73773 73775
20200408 14:55, gpu2002, 1, 00000000:AF:00.0,45,0,0, lstrydom, python3, 22431 28937 73771 73772 73773 73775
20200408 14:55, gpu2002, 2, 00000000:D8:00.0,35,0,0, lstrydom, python3, 22431 50510 73771 73772 73773 73775
20200408 15:00, gpu2002, 0, 00000000:3B:00.0,42,86,20, ngumede, python3, 48514 48540
20200408 15:00, gpu2002, 1, 00000000:AF:00.0,51,100,0, agangopadhyay, python, 28937
20200408 15:00, gpu2002, 2, 00000000:D8:00.0,43,71,20, tbruce-chwatt, python, 50510
20200408 15:05, gpu2002, 0, 00000000:3B:00.0,41,86,20, ngumede, python3, 48514 48540
20200408 15:05, gpu2002, 1, 00000000:AF:00.0,54,100,0, agangopadhyay, python, 28937
20200408 15:05, gpu2002, 2, 00000000:D8:00.0,44,99,38, tbruce-chwatt, python, 50510
20200408 15:10, gpu2002, 0, 00000000:3B:00.0,42,87,21, ngumede, python3, 48514 48540
20200408 15:10, gpu2002, 1, 00000000:AF:00.0,55,100,0, agangopadhyay, python, 28937
20200408 15:10, gpu2002, 2, 00000000:D8:00.0,44,98,41, tbruce-chwatt, python, 50510
20200408 15:15, gpu2002, 0, 00000000:3B:00.0,42,86,20, ngumede, python3, 48514 48540
20200408 15:15, gpu2002, 1, 00000000:AF:00.0,50,56,0, agangopadhyay, python, 28937
20200408 15:15, gpu2002, 2, 00000000:D8:00.0,44,98,41, tbruce-chwatt, python, 50510
20200408 15:20, gpu2002, 0, 00000000:3B:00.0,41,86,20, ngumede, python3, 48514 48540
20200408 15:20, gpu2002, 1, 00000000:AF:00.0,50,100,0, agangopadhyay, python, 28937
20200408 15:20, gpu2002, 2, 00000000:D8:00.0,44,98,37, tbruce-chwatt, python, 50510
20200408 15:25, gpu2002, 0, 00000000:3B:00.0,42,86,20, ngumede, python3, 48514 48540
20200408 15:25, gpu2002, 1, 00000000:AF:00.0,54,100,0, agangopadhyay, python, 28937
20200408 15:25, gpu2002, 2, 00000000:D8:00.0,43,99,38, tbruce-chwatt, python, 50510
20200408 15:30, gpu2002, 0, 00000000:3B:00.0,42,86,20, ngumede, python3, 48514 48540
20200408 15:30, gpu2002, 1, 00000000:AF:00.0,55,100,0, agangopadhyay, python, 28937
20200408 15:30, gpu2002, 2, 00000000:D8:00.0,42,97,41, tbruce-chwatt, python, 50510
20200408 15:35, gpu2002, 0, 00000000:3B:00.0,42,86,20, ngumede, python3, 48514 48540
20200408 15:35, gpu2002, 1, 00000000:AF:00.0,52,55,0, agangopadhyay, python, 28937
20200408 15:35, gpu2002, 2, 00000000:D8:00.0,37,0,0, tbruce-chwatt, python, 50510
20200408 15:40, gpu2002, 0, 00000000:3B:00.0,42,87,20, ngumede, python3, 48514 48540
20200408 15:40, gpu2002, 1, 00000000:AF:00.0,48,100,0, agangopadhyay, python, 28937
20200408 15:40, gpu2002, 2, 00000000:D8:00.0,44,98,36, tbruce-chwatt, python, 50510
20200408 15:45, gpu2002, 0, 00000000:3B:00.0,42,87,21, ngumede, python3, 48514 48540
20200408 15:45, gpu2002, 1, 00000000:AF:00.0,53,98,0, agangopadhyay, python, 28937
20200408 15:45, gpu2002, 2, 00000000:D8:00.0,44,98,41, tbruce-chwatt, python, 50510
20200408 15:50, gpu2002, 0, 00000000:3B:00.0,41,87,20, ngumede, python3, 48514 48540
20200408 15:50, gpu2002, 1, 00000000:AF:00.0,55,100,0, agangopadhyay, python, 28937
20200408 15:50, gpu2002, 2, 00000000:D8:00.0,44,98,41, tbruce-chwatt, python, 50510
20200408 15:55, gpu2002, 0, 00000000:3B:00.0,42,87,20, ngumede, python3, 48514 48540
20200408 15:55, gpu2002, 1, 00000000:AF:00.0,55,100,0, agangopadhyay, python, 28937
20200408 15:55, gpu2002, 2, 00000000:D8:00.0,44,99,37, tbruce-chwatt, python, 50510
20200408 16:00, gpu2002, 0, 00000000:3B:00.0,42,87,20, ngumede, python3, 48514 48540
20200408 16:00, gpu2002, 1, 00000000:AF:00.0,41,0,0, agangopadhyay, python, 28937
20200408 16:00, gpu2002, 2, 00000000:D8:00.0,43,98,35, tbruce-chwatt, python, 50510
20200408 16:05, gpu2002, 0, 00000000:3B:00.0,41,87,21, ngumede, python3, 48514 48540
20200408 16:05, gpu2002, 1, 00000000:AF:00.0,52,98,0, agangopadhyay, python, 28937
20200408 16:05, gpu2002, 2, 00000000:D8:00.0,42,98,42, tbruce-chwatt, python, 50510
20200408 16:10, gpu2002, 0, 00000000:3B:00.0,42,87,20, ngumede, python3, 48514 48540
20200408 16:10, gpu2002, 1, 00000000:AF:00.0,54,98,0, agangopadhyay, python, 28937
20200408 16:10, gpu2002, 2, 00000000:D8:00.0,36,0,0, tbruce-chwatt, python, 50510
20200408 16:15, gpu2002, 0, 00000000:3B:00.0,42,87,21, ngumede, python3, 48514 48540
20200408 16:15, gpu2002, 1, 00000000:AF:00.0,55,100,0, agangopadhyay, python, 28937
20200408 16:15, gpu2002, 2, 00000000:D8:00.0,44,99,36, tbruce-chwatt, python, 50510
20200408 16:20, gpu2002, 0, 00000000:3B:00.0,42,87,20, ngumede, python3, 48514 48540
20200408 16:20, gpu2002, 1, 00000000:AF:00.0,42,0,0, agangopadhyay, python, 28937
20200408 16:20, gpu2002, 2, 00000000:D8:00.0,44,99,36, tbruce-chwatt, python, 50510
20200408 16:25, gpu2002, 0, 00000000:3B:00.0,42,87,20, ngumede, python3, 48514 48540
20200408 16:25, gpu2002, 1, 00000000:AF:00.0,52,100,0, agangopadhyay, python, 28937
20200408 16:25, gpu2002, 2, 00000000:D8:00.0,44,99,36, tbruce-chwatt, python, 50510
20200408 16:30, gpu2002, 0, 00000000:3B:00.0,41,86,20, ngumede, python3, 48514 48540
20200408 16:30, gpu2002, 1, 00000000:AF:00.0,54,98,0, agangopadhyay, python, 28937
20200408 16:30, gpu2002, 2, 00000000:D8:00.0,44,99,36, tbruce-chwatt, python, 50510
20200408 16:35, gpu2002, 0, 00000000:3B:00.0,42,87,20, ngumede, python3, 48514 48540
20200408 16:35, gpu2002, 1, 00000000:AF:00.0,56,100,0, agangopadhyay, python, 28937
20200408 16:35, gpu2002, 2, 00000000:D8:00.0,43,87,35, tbruce-chwatt, python, 50510
20200408 16:40, gpu2002, 0, 00000000:3B:00.0,41,87,20, ngumede, python3, 48514 48540
20200408 16:40, gpu2002, 1, 00000000:AF:00.0,43,0,0, agangopadhyay, python, 28937
20200408 16:40, gpu2002, 2, 00000000:D8:00.0,39,98,41, tbruce-chwatt, python, 50510
20200408 16:45, gpu2002, 0, 00000000:3B:00.0,42,86,20, ngumede, python3, 48514 48540
20200408 16:45, gpu2002, 1, 00000000:AF:00.0,52,100,0, agangopadhyay, python, 28937
20200408 16:45, gpu2002, 2, 00000000:D8:00.0,44,68,18, tbruce-chwatt, python, 50510
20200408 16:50, gpu2002, 0, 00000000:3B:00.0,42,86,20, ngumede, python3, 48514 48540
20200408 16:50, gpu2002, 1, 00000000:AF:00.0,54,100,0, agangopadhyay, python, 28937
20200408 16:50, gpu2002, 2, 00000000:D8:00.0,45,99,36, tbruce-chwatt, python, 50510
20200408 16:55, gpu2002, 0, 00000000:3B:00.0,41,87,21, ngumede, python3, 48514 48540
20200408 16:55, gpu2002, 1, 00000000:AF:00.0,55,100,0, agangopadhyay, python, 28937
20200408 16:55, gpu2002, 2, 00000000:D8:00.0,44,98,35, tbruce-chwatt, python, 50510
20200408 17:00, gpu2002, 0, 00000000:3B:00.0,42,86,20, ngumede, python3, 48514 48540
20200408 17:00, gpu2002, 1, 00000000:AF:00.0,45,0,0, agangopadhyay, python, 28937
20200408 17:00, gpu2002, 2, 00000000:D8:00.0,44,99,36, tbruce-chwatt, python, 50510
20200408 17:05, gpu2002, 0, 00000000:3B:00.0,42,87,21, ngumede, python3, 48514 48540
20200408 17:05, gpu2002, 1, 00000000:AF:00.0,51,100,0, agangopadhyay, python, 28937
20200408 17:05, gpu2002, 2, 00000000:D8:00.0,43,98,42, tbruce-chwatt, python, 50510
20200408 17:10, gpu2002, 0, 00000000:3B:00.0,42,87,20, ngumede, python3, 48514 48540
20200408 17:10, gpu2002, 1, 00000000:AF:00.0,54,98,0, agangopadhyay, python, 28937
20200408 17:10, gpu2002, 2, 00000000:D8:00.0,40,98,35, tbruce-chwatt, python, 50510
20200408 17:15, gpu2002, 0, 00000000:3B:00.0,42,86,20, ngumede, python3, 48514 48540
20200408 17:15, gpu2002, 1, 00000000:AF:00.0,55,100,0, agangopadhyay, python, 28937
20200408 17:15, gpu2002, 2, 00000000:D8:00.0,45,99,35, tbruce-chwatt, python, 50510
20200408 17:20, gpu2002, 0, 00000000:3B:00.0,42,86,20, ngumede, python3, 48514 48540
20200408 17:20, gpu2002, 1, 00000000:AF:00.0,50,56,0, agangopadhyay, python, 28937
20200408 17:20, gpu2002, 2, 00000000:D8:00.0,44,98,42, tbruce-chwatt, python, 50510
20200408 17:25, gpu2002, 0, 00000000:3B:00.0,42,87,20, ngumede, python3, 48514 48540
20200408 17:25, gpu2002, 1, 00000000:AF:00.0,49,98,0, agangopadhyay, python, 28937
20200408 17:25, gpu2002, 2, 00000000:D8:00.0,44,98,43, tbruce-chwatt, python, 50510
20200408 17:30, gpu2002, 0, 00000000:3B:00.0,42,86,20, ngumede, python3, 48514 48540
20200408 17:30, gpu2002, 1, 00000000:AF:00.0,54,100,0, agangopadhyay, python, 28937
20200408 17:30, gpu2002, 2, 00000000:D8:00.0,44,99,35, tbruce-chwatt, python, 50510
20200408 17:35, gpu2002, 0, 00000000:3B:00.0,42,87,20, ngumede, python3, 48514 48540
20200408 17:35, gpu2002, 1, 00000000:AF:00.0,55,100,0, agangopadhyay, python, 28937
20200408 17:35, gpu2002, 2, 00000000:D8:00.0,43,88,35, tbruce-chwatt, python, 50510
20200408 17:40, gpu2002, 0, 00000000:3B:00.0,42,86,20, ngumede, python3, 48514 48540
20200408 17:40, gpu2002, 1, 00000000:AF:00.0,51,55,0, agangopadhyay, python, 28937
20200408 17:40, gpu2002, 2, 00000000:D8:00.0,38,0,0, tbruce-chwatt, python, 50510
20200408 17:45, gpu2002, 0, 00000000:3B:00.0,42,82,19, ngumede, python3, 48514 48540
20200408 17:45, gpu2002, 1, 00000000:AF:00.0,47,100,0, agangopadhyay, python, 28937
20200408 17:45, gpu2002, 2, 00000000:D8:00.0,44,88,32, tbruce-chwatt, python, 50510
20200408 17:50, gpu2002, 0, 00000000:3B:00.0,42,86,20, ngumede, python3, 48514 48540
20200408 17:50, gpu2002, 1, 00000000:AF:00.0,54,100,0, agangopadhyay, python, 28937
20200408 17:50, gpu2002, 2, 00000000:D8:00.0,44,98,43, tbruce-chwatt, python, 50510
20200408 17:55, gpu2002, 0, 00000000:3B:00.0,42,87,21, ngumede, python3, 48514 48540
20200408 17:55, gpu2002, 1, 00000000:AF:00.0,55,100,0, agangopadhyay, python, 28937
20200408 17:55, gpu2002, 2, 00000000:D8:00.0,44,98,42, tbruce-chwatt, python, 50510
20200408 18:00, gpu2002, 0, 00000000:3B:00.0,41,86,20, ngumede, python3, 48514 48540
20200408 18:00, gpu2002, 1, 00000000:AF:00.0,56,100,0, agangopadhyay, python, 28937
20200408 18:00, gpu2002, 2, 00000000:D8:00.0,43,88,37, tbruce-chwatt, python, 50510
20200408 18:05, gpu2002, 0, 00000000:3B:00.0,42,87,21, ngumede, python3, 48514 48540
20200408 18:05, gpu2002, 1, 00000000:AF:00.0,41,0,0, agangopadhyay, python, 28937
20200408 18:05, gpu2002, 2, 00000000:D8:00.0,40,98,42, tbruce-chwatt, python, 50510
20200408 18:10, gpu2002, 0, 00000000:3B:00.0,42,87,21, ngumede, python3, 48514 48540
20200408 18:10, gpu2002, 1, 00000000:AF:00.0,52,100,0, agangopadhyay, python, 28937
20200408 18:10, gpu2002, 2, 00000000:D8:00.0,44,98,42, tbruce-chwatt, python, 50510
20200408 18:15, gpu2002, 0, 00000000:3B:00.0,42,87,20, ngumede, python3, 48514 48540
20200408 18:15, gpu2002, 1, 00000000:AF:00.0,55,100,0, agangopadhyay, python, 28937
20200408 18:15, gpu2002, 2, 00000000:D8:00.0,45,98,33, tbruce-chwatt, python, 50510
20200408 18:20, gpu2002, 0, 00000000:3B:00.0,42,87,20, ngumede, python3, 48514 48540
20200408 18:20, gpu2002, 1, 00000000:AF:00.0,55,100,0, agangopadhyay, python, 28937
20200408 18:20, gpu2002, 2, 00000000:D8:00.0,44,98,42, tbruce-chwatt, python, 50510
20200408 18:25, gpu2002, 0, 00000000:3B:00.0,42,87,21, ngumede, python3, 48514 48540
20200408 18:25, gpu2002, 1, 00000000:AF:00.0,42,0,0, agangopadhyay, python, 28937
20200408 18:25, gpu2002, 2, 00000000:D8:00.0,44,86,34, tbruce-chwatt, python, 50510
20200408 18:30, gpu2002, 0, 00000000:3B:00.0,42,87,20, ngumede, python3, 48514 48540
20200408 18:30, gpu2002, 1, 00000000:AF:00.0,51,100,0, agangopadhyay, python, 28937
20200408 18:30, gpu2002, 2, 00000000:D8:00.0,41,89,32, tbruce-chwatt, python, 50510
20200408 18:35, gpu2002, 0, 00000000:3B:00.0,42,87,20, ngumede, python3, 48514 48540
20200408 18:35, gpu2002, 1, 00000000:AF:00.0,55,100,0, agangopadhyay, python, 28937
20200408 18:35, gpu2002, 2, 00000000:D8:00.0,44,85,30, tbruce-chwatt, python, 50510
20200408 18:40, gpu2002, 0, 00000000:3B:00.0,42,86,20, ngumede, python3, 48514 48540
20200408 18:40, gpu2002, 1, 00000000:AF:00.0,55,100,0, agangopadhyay, python, 28937
20200408 18:40, gpu2002, 2, 00000000:D8:00.0,44,98,43, tbruce-chwatt, python, 50510
20200408 18:45, gpu2002, 0, 00000000:3B:00.0,42,87,21, ngumede, python3, 48514 48540
20200408 18:45, gpu2002, 1, 00000000:AF:00.0,43,0,0, agangopadhyay, python, 28937
20200408 18:45, gpu2002, 2, 00000000:D8:00.0,45,90,31, tbruce-chwatt, python, 50510
20200408 18:50, gpu2002, 0, 00000000:3B:00.0,42,87,21, ngumede, python3, 48514 48540
20200408 18:50, gpu2002, 1, 00000000:AF:00.0,51,98,0, agangopadhyay, python, 28937
20200408 18:50, gpu2002, 2, 00000000:D8:00.0,44,98,41, tbruce-chwatt, python, 50510
20200408 18:55, gpu2002, 0, 00000000:3B:00.0,42,87,21, ngumede, python3, 48514 48540
20200408 18:55, gpu2002, 1, 00000000:AF:00.0,55,100,0, agangopadhyay, python, 28937
20200408 18:55, gpu2002, 2, 00000000:D8:00.0,42,99,34, tbruce-chwatt, python, 50510
20200408 19:00, gpu2002, 0, 00000000:3B:00.0,42,87,20, ngumede, python3, 48514 48540
20200408 19:00, gpu2002, 1, 00000000:AF:00.0,56,100,0, agangopadhyay, python, 28937
20200408 19:00, gpu2002, 2, 00000000:D8:00.0,44,98,41, tbruce-chwatt, python, 50510
20200408 19:05, gpu2002, 0, 00000000:3B:00.0,42,87,20, ngumede, python3, 48514 48540
20200408 19:05, gpu2002, 1, 00000000:AF:00.0,44,0,0, agangopadhyay, python, 28937
20200408 19:05, gpu2002, 2, 00000000:D8:00.0,45,96,32, tbruce-chwatt, python, 50510
20200408 19:10, gpu2002, 0, 00000000:3B:00.0,42,87,21, ngumede, python3, 48514 48540
20200408 19:10, gpu2002, 1, 00000000:AF:00.0,52,100,0, agangopadhyay, python, 28937
20200408 19:10, gpu2002, 2, 00000000:D8:00.0,44,86,36, tbruce-chwatt, python, 50510
20200408 19:15, gpu2002, 0, 00000000:3B:00.0,42,86,20, ngumede, python3, 48514 48540
20200408 19:15, gpu2002, 1, 00000000:AF:00.0,54,100,0, agangopadhyay, python, 28937
20200408 19:15, gpu2002, 2, 00000000:D8:00.0,44,99,33, tbruce-chwatt, python, 50510
20200408 19:20, gpu2002, 0, 00000000:3B:00.0,42,87,21, ngumede, python3, 48514 48540
20200408 19:20, gpu2002, 1, 00000000:AF:00.0,56,100,0, agangopadhyay, python, 28937
20200408 19:20, gpu2002, 2, 00000000:D8:00.0,39,98,41, tbruce-chwatt, python, 50510
20200408 19:25, gpu2002, 0, 00000000:3B:00.0,41,87,20, ngumede, python3, 48514 48540
20200408 19:25, gpu2002, 1, 00000000:AF:00.0,44,0,0, agangopadhyay, python, 28937
20200408 19:25, gpu2002, 2, 00000000:D8:00.0,45,99,34, tbruce-chwatt, python, 50510
20200408 19:30, gpu2002, 0, 00000000:3B:00.0,41,87,20, ngumede, python3, 48514 48540
20200408 19:30, gpu2002, 1, 00000000:AF:00.0,51,100,0, agangopadhyay, python, 28937
20200408 19:30, gpu2002, 2, 00000000:D8:00.0,44,87,30, tbruce-chwatt, python, 50510
20200408 19:35, gpu2002, 0, 00000000:3B:00.0,42,87,20, ngumede, python3, 48514 48540
20200408 19:35, gpu2002, 1, 00000000:AF:00.0,54,100,0, agangopadhyay, python, 28937
20200408 19:35, gpu2002, 2, 00000000:D8:00.0,44,98,41, tbruce-chwatt, python, 50510
20200408 19:40, gpu2002, 0, 00000000:3B:00.0,42,86,20, ngumede, python3, 48514 48540
20200408 19:40, gpu2002, 1, 00000000:AF:00.0,55,100,0, agangopadhyay, python, 28937
20200408 19:40, gpu2002, 2, 00000000:D8:00.0,44,99,34, tbruce-chwatt, python, 50510
20200408 19:45, gpu2002, 0, 00000000:3B:00.0,42,86,20, ngumede, python3, 48514 48540
20200408 19:45, gpu2002, 1, 00000000:AF:00.0,45,0,0, agangopadhyay, python, 28937
20200408 19:45, gpu2002, 2, 00000000:D8:00.0,39,0,0, tbruce-chwatt, python, 50510
20200408 19:50, gpu2002, 0, 00000000:3B:00.0,42,87,20, ngumede, python3, 48514 48540
20200408 19:50, gpu2002, 1, 00000000:AF:00.0,51,100,0, agangopadhyay, python, 28937
20200408 19:50, gpu2002, 2, 00000000:D8:00.0,45,99,34, tbruce-chwatt, python, 50510
20200408 19:55, gpu2002, 0, 00000000:3B:00.0,42,87,21, ngumede, python3, 48514 48540
20200408 19:55, gpu2002, 1, 00000000:AF:00.0,55,100,0, agangopadhyay, python, 28937
20200408 19:55, gpu2002, 2, 00000000:D8:00.0,45,98,43, tbruce-chwatt, python, 50510
20200408 20:00, gpu2002, 0, 00000000:3B:00.0,42,87,21, ngumede, python3, 48514 48540
20200408 20:00, gpu2002, 1, 00000000:AF:00.0,55,100,0, agangopadhyay, python, 28937
20200408 20:00, gpu2002, 2, 00000000:D8:00.0,44,98,42, tbruce-chwatt, python, 50510
20200408 20:05, gpu2002, 0, 00000000:3B:00.0,42,87,20, ngumede, python3, 48514 48540
20200408 20:05, gpu2002, 1, 00000000:AF:00.0,45,0,0, agangopadhyay, python, 28937
20200408 20:05, gpu2002, 2, 00000000:D8:00.0,42,98,42, tbruce-chwatt, python, 50510
20200408 20:10, gpu2002, 0, 00000000:3B:00.0,42,86,20, ngumede, python3, 48514 48540
20200408 20:10, gpu2002, 1, 00000000:AF:00.0,51,98,0, agangopadhyay, python, 28937
20200408 20:10, gpu2002, 2, 00000000:D8:00.0,44,87,25, tbruce-chwatt, python, 50510
20200408 20:15, gpu2002, 0, 00000000:3B:00.0,42,87,21, ngumede, python3, 48514 48540
20200408 20:15, gpu2002, 1, 00000000:AF:00.0,54,100,0, agangopadhyay, python, 28937
20200408 20:15, gpu2002, 2, 00000000:D8:00.0,45,99,34, tbruce-chwatt, python, 50510
20200408 20:20, gpu2002, 0, 00000000:3B:00.0,42,86,20, ngumede, python3, 48514 48540
20200408 20:20, gpu2002, 1, 00000000:AF:00.0,55,100,0, agangopadhyay, python, 28937
20200408 20:20, gpu2002, 2, 00000000:D8:00.0,45,99,33, tbruce-chwatt, python, 50510
20200408 20:25, gpu2002, 0, 00000000:3B:00.0,42,87,20, ngumede, python3, 48514 48540
20200408 20:25, gpu2002, 1, 00000000:AF:00.0,47,0,0, agangopadhyay, python, 28937
20200408 20:25, gpu2002, 2, 00000000:D8:00.0,44,99,33, tbruce-chwatt, python, 50510
20200408 20:30, gpu2002, 0, 00000000:3B:00.0,41,87,21, ngumede, python3, 48514 48540
20200408 20:30, gpu2002, 1, 00000000:AF:00.0,50,98,0, agangopadhyay, python, 28937
20200408 20:30, gpu2002, 2, 00000000:D8:00.0,38,0,0, tbruce-chwatt, python, 50510
20200408 20:35, gpu2002, 0, 00000000:3B:00.0,42,87,21, ngumede, python3, 48514 48540
20200408 20:35, gpu2002, 1, 00000000:AF:00.0,54,100,0, agangopadhyay, python, 28937
20200408 20:35, gpu2002, 2, 00000000:D8:00.0,45,99,33, tbruce-chwatt, python, 50510
20200408 20:40, gpu2002, 0, 00000000:3B:00.0,42,87,20, ngumede, python3, 48514 48540
20200408 20:40, gpu2002, 1, 00000000:AF:00.0,55,100,0, agangopadhyay, python, 28937
20200408 20:40, gpu2002, 2, 00000000:D8:00.0,44,87,29, tbruce-chwatt, python, 50510
20200408 20:45, gpu2002, 0, 00000000:3B:00.0,42,86,20, ngumede, python3, 48514 48540
20200408 20:45, gpu2002, 1, 00000000:AF:00.0,51,56,0, agangopadhyay, python, 28937
20200408 20:45, gpu2002, 2, 00000000:D8:00.0,43,98,41, tbruce-chwatt, python, 50510
20200408 20:50, gpu2002, 0, 00000000:3B:00.0,42,87,20, ngumede, python3, 48514 48540
20200408 20:50, gpu2002, 1, 00000000:AF:00.0,50,100,0, agangopadhyay, python, 28937
20200408 20:50, gpu2002, 2, 00000000:D8:00.0,41,88,36, tbruce-chwatt, python, 50510
20200408 20:55, gpu2002, 0, 00000000:3B:00.0,42,87,20, ngumede, python3, 48514 48540
20200408 20:55, gpu2002, 1, 00000000:AF:00.0,54,98,0, agangopadhyay, python, 28937
20200408 20:55, gpu2002, 2, 00000000:D8:00.0,46,99,33, tbruce-chwatt, python, 50510
20200408 21:00, gpu2002, 0, 00000000:3B:00.0,42,87,20, ngumede, python3, 48514 48540
20200408 21:00, gpu2002, 1, 00000000:AF:00.0,55,100,0, agangopadhyay, python, 28937
20200408 21:00, gpu2002, 2, 00000000:D8:00.0,45,99,33, tbruce-chwatt, python, 50510
20200408 21:05, gpu2002, 0, 00000000:3B:00.0,42,86,20, ngumede, python3, 48514 48540
20200408 21:05, gpu2002, 1, 00000000:AF:00.0,51,55,0, agangopadhyay, python, 28937
20200408 21:05, gpu2002, 2, 00000000:D8:00.0,45,99,33, tbruce-chwatt, python, 50510
20200408 21:10, gpu2002, 0, 00000000:3B:00.0,42,86,20, ngumede, python3, 48514 48540
20200408 21:10, gpu2002, 1, 00000000:AF:00.0,49,100,0, agangopadhyay, python, 28937
20200408 21:10, gpu2002, 2, 00000000:D8:00.0,43,98,42, tbruce-chwatt, python, 50510
20200408 21:15, gpu2002, 0, 00000000:3B:00.0,42,86,20, ngumede, python3, 48514 48540
20200408 21:15, gpu2002, 1, 00000000:AF:00.0,54,98,0, agangopadhyay, python, 28937
20200408 21:15, gpu2002, 2, 00000000:D8:00.0,44,75,22, tbruce-chwatt, python, 50510
20200408 21:20, gpu2002, 0, 00000000:3B:00.0,42,87,20, ngumede, python3, 48514 48540
20200408 21:20, gpu2002, 1, 00000000:AF:00.0,55,100,0, agangopadhyay, python, 28937
20200408 21:20, gpu2002, 2, 00000000:D8:00.0,44,98,43, tbruce-chwatt, python, 50510
20200408 21:25, gpu2002, 0, 00000000:3B:00.0,42,86,20, ngumede, python3, 48514 48540
20200408 21:25, gpu2002, 1, 00000000:AF:00.0,51,56,0, agangopadhyay, python, 28937
20200408 21:25, gpu2002, 2, 00000000:D8:00.0,44,89,32, tbruce-chwatt, python, 50510
20200408 21:30, gpu2002, 0, 00000000:3B:00.0,42,87,20, ngumede, python3, 48514 48540
20200408 21:30, gpu2002, 1, 00000000:AF:00.0,34,0,0, null, null, null
20200408 21:30, gpu2002, 2, 00000000:D8:00.0,43,98,41, tbruce-chwatt, python, 50510
20200408 21:35, gpu2002, 0, 00000000:3B:00.0,42,86,20, ngumede, python3, 48514 48540
20200408 21:35, gpu2002, 1, 00000000:AF:00.0,32,0,0, null, null, null
20200408 21:35, gpu2002, 2, 00000000:D8:00.0,43,78,20, tbruce-chwatt, python, 50510
20200408 21:40, gpu2002, 0, 00000000:3B:00.0,42,87,20, ngumede, python3, 48514 48540
20200408 21:40, gpu2002, 1, 00000000:AF:00.0,32,0,0, null, null, null
20200408 21:40, gpu2002, 2, 00000000:D8:00.0,44,87,36, tbruce-chwatt, python, 50510
20200408 21:45, gpu2002, 0, 00000000:3B:00.0,42,87,20, ngumede, python3, 48514 48540
20200408 21:45, gpu2002, 1, 00000000:AF:00.0,32,0,0, null, null, null
20200408 21:45, gpu2002, 2, 00000000:D8:00.0,45,99,33, tbruce-chwatt, python, 50510
20200408 21:50, gpu2002, 0, 00000000:3B:00.0,42,87,20, ngumede, python3, 48514 48540
20200408 21:50, gpu2002, 1, 00000000:AF:00.0,33,0,0, null, null, null
20200408 21:50, gpu2002, 2, 00000000:D8:00.0,44,99,32, tbruce-chwatt, python, 50510
20200408 21:55, gpu2002, 0, 00000000:3B:00.0,42,86,20, ngumede, python3, 48514 48540
20200408 21:55, gpu2002, 1, 00000000:AF:00.0,46,83,21, ngorogodo, python3, 107683 107711
20200408 21:55, gpu2002, 2, 00000000:D8:00.0,43,76,23, tbruce-chwatt, python, 50510
20200408 22:00, gpu2002, 0, 00000000:3B:00.0,42,87,20, ngumede, python3, 48514 48540
20200408 22:00, gpu2002, 1, 00000000:AF:00.0,47,84,21, ngorogodo, python3, 107683 107711
20200408 22:00, gpu2002, 2, 00000000:D8:00.0,45,89,33, tbruce-chwatt, python, 50510
20200408 22:05, gpu2002, 0, 00000000:3B:00.0,42,86,20, ngumede, python3, 48514 48540
20200408 22:05, gpu2002, 1, 00000000:AF:00.0,47,84,21, ngorogodo, python3, 107683 107711
20200408 22:05, gpu2002, 2, 00000000:D8:00.0,44,98,41, tbruce-chwatt, python, 50510
20200408 22:10, gpu2002, 0, 00000000:3B:00.0,42,86,20, ngumede, python3, 48514 48540
20200408 22:10, gpu2002, 1, 00000000:AF:00.0,47,83,21, ngorogodo, python3, 107683 107711
20200408 22:10, gpu2002, 2, 00000000:D8:00.0,44,99,32, tbruce-chwatt, python, 50510
20200408 22:15, gpu2002, 0, 00000000:3B:00.0,42,86,20, ngumede, python3, 48514 48540
20200408 22:15, gpu2002, 1, 00000000:AF:00.0,47,83,21, ngorogodo, python3, 107683 107711
20200408 22:15, gpu2002, 2, 00000000:D8:00.0,43,73,19, tbruce-chwatt, python, 50510
20200408 22:20, gpu2002, 0, 00000000:3B:00.0,42,86,20, ngumede, python3, 48514 48540
20200408 22:20, gpu2002, 1, 00000000:AF:00.0,47,83,21, ngorogodo, python3, 107683 107711
20200408 22:20, gpu2002, 2, 00000000:D8:00.0,45,98,42, tbruce-chwatt, python, 50510
20200408 22:25, gpu2002, 0, 00000000:3B:00.0,42,87,21, ngumede, python3, 48514 48540
20200408 22:25, gpu2002, 1, 00000000:AF:00.0,47,83,21, ngorogodo, python3, 107683 107711
20200408 22:25, gpu2002, 2, 00000000:D8:00.0,44,98,41, tbruce-chwatt, python, 50510
20200408 22:30, gpu2002, 0, 00000000:3B:00.0,42,87,21, ngumede, python3, 48514 48540
20200408 22:30, gpu2002, 1, 00000000:AF:00.0,47,83,21, ngorogodo, python3, 107683 107711
20200408 22:30, gpu2002, 2, 00000000:D8:00.0,44,87,33, tbruce-chwatt, python, 50510
20200408 22:35, gpu2002, 0, 00000000:3B:00.0,41,86,20, ngumede, python3, 48514 48540
20200408 22:35, gpu2002, 1, 00000000:AF:00.0,46,83,21, ngorogodo, python3, 107683 107711
20200408 22:35, gpu2002, 2, 00000000:D8:00.0,43,82,21, tbruce-chwatt, python, 50510
20200408 22:40, gpu2002, 0, 00000000:3B:00.0,42,87,21, ngumede, python3, 48514 48540
20200408 22:40, gpu2002, 1, 00000000:AF:00.0,47,84,21, ngorogodo, python3, 107683 107711
20200408 22:40, gpu2002, 2, 00000000:D8:00.0,46,99,33, tbruce-chwatt, python, 50510
20200408 22:45, gpu2002, 0, 00000000:3B:00.0,36,0,0, null, null, null
20200408 22:45, gpu2002, 1, 00000000:AF:00.0,47,84,21, ngorogodo, python3, 107683 107711
20200408 22:45, gpu2002, 2, 00000000:D8:00.0,45,99,32, tbruce-chwatt, python, 50510
20200408 22:50, gpu2002, 0, 00000000:3B:00.0,31,0,0, null, null, null
20200408 22:50, gpu2002, 1, 00000000:AF:00.0,47,82,21, ngorogodo, python3, 107683 107711
20200408 22:50, gpu2002, 2, 00000000:D8:00.0,44,98,42, tbruce-chwatt, python, 50510
20200408 22:55, gpu2002, 0, 00000000:3B:00.0,31,0,0, null, null, null
20200408 22:55, gpu2002, 1, 00000000:AF:00.0,47,84,21, ngorogodo, python3, 107683 107711
20200408 22:55, gpu2002, 2, 00000000:D8:00.0,44,73,18, tbruce-chwatt, python, 50510
20200408 23:00, gpu2002, 0, 00000000:3B:00.0,31,0,0, null, null, null
20200408 23:00, gpu2002, 1, 00000000:AF:00.0,47,83,21, ngorogodo, python3, 107683 107711
20200408 23:00, gpu2002, 2, 00000000:D8:00.0,46,99,33, tbruce-chwatt, python, 50510
20200408 23:05, gpu2002, 0, 00000000:3B:00.0,31,0,0, null, null, null
20200408 23:05, gpu2002, 1, 00000000:AF:00.0,46,84,21, ngorogodo, python3, 107683 107711
20200408 23:05, gpu2002, 2, 00000000:D8:00.0,44,92,39, tbruce-chwatt, python, 50510
20200408 23:10, gpu2002, 0, 00000000:3B:00.0,37,70,1, mshahbaaz, gmx_mpi, 113885
20200408 23:10, gpu2002, 1, 00000000:AF:00.0,46,83,21, ngorogodo, python3, 107683 107711 113885
20200408 23:10, gpu2002, 2, 00000000:D8:00.0,43,98,42, tbruce-chwatt, python, 50510 113885
20200408 23:15, gpu2002, 0, 00000000:3B:00.0,37,65,1, mshahbaaz, gmx_mpi, 113885
20200408 23:15, gpu2002, 1, 00000000:AF:00.0,47,83,21, ngorogodo, python3, 107683 107711 113885
20200408 23:15, gpu2002, 2, 00000000:D8:00.0,34,0,0, mshahbaaz, gmx_mpi, 113885
20200408 23:20, gpu2002, 0, 00000000:3B:00.0,37,66,1, mshahbaaz, gmx_mpi, 113885
20200408 23:20, gpu2002, 1, 00000000:AF:00.0,47,83,21, ngorogodo, python3, 107683 107711 113885
20200408 23:20, gpu2002, 2, 00000000:D8:00.0,42,90,15, mshahbaaz, gmx_mpi, 113885 114798
20200408 23:25, gpu2002, 0, 00000000:3B:00.0,37,65,1, mshahbaaz, gmx_mpi, 113885
20200408 23:25, gpu2002, 1, 00000000:AF:00.0,47,83,21, ngorogodo, python3, 107683 107711 113885
20200408 23:25, gpu2002, 2, 00000000:D8:00.0,43,90,14, mshahbaaz, gmx_mpi, 113885 115144
20200408 23:30, gpu2002, 0, 00000000:3B:00.0,37,65,1, mshahbaaz, gmx_mpi, 113885
20200408 23:30, gpu2002, 1, 00000000:AF:00.0,47,83,21, ngorogodo, python3, 107683 107711 113885
20200408 23:30, gpu2002, 2, 00000000:D8:00.0,43,89,13, mshahbaaz, gmx_mpi, 113885 115506
20200408 23:35, gpu2002, 0, 00000000:3B:00.0,37,65,1, mshahbaaz, gmx_mpi, 113885
20200408 23:35, gpu2002, 1, 00000000:AF:00.0,46,82,21, ngorogodo, python3, 107683 107711 113885
20200408 23:35, gpu2002, 2, 00000000:D8:00.0,42,93,18, mshahbaaz, gmx_mpi, 113885 115971
20200408 23:40, gpu2002, 0, 00000000:3B:00.0,37,65,1, mshahbaaz, gmx_mpi, 113885
20200408 23:40, gpu2002, 1, 00000000:AF:00.0,46,82,21, ngorogodo, python3, 107683 107711 113885
20200408 23:40, gpu2002, 2, 00000000:D8:00.0,42,93,18, mshahbaaz, gmx_mpi, 113885 115971
20200408 23:45, gpu2002, 0, 00000000:3B:00.0,36,65,1, mshahbaaz, gmx_mpi, 113885
20200408 23:45, gpu2002, 1, 00000000:AF:00.0,46,83,21, ngorogodo, python3, 107683 107711 113885
20200408 23:45, gpu2002, 2, 00000000:D8:00.0,42,97,18, mshahbaaz, gmx_mpi, 113885 115971
20200408 23:50, gpu2002, 0, 00000000:3B:00.0,37,64,1, mshahbaaz, gmx_mpi, 113885
20200408 23:50, gpu2002, 1, 00000000:AF:00.0,47,83,21, ngorogodo, python3, 107683 107711 113885
20200408 23:50, gpu2002, 2, 00000000:D8:00.0,42,97,18, mshahbaaz, gmx_mpi, 113885 115971
20200408 23:55, gpu2002, 0, 00000000:3B:00.0,37,64,1, mshahbaaz, gmx_mpi, 113885
20200408 23:55, gpu2002, 1, 00000000:AF:00.0,47,84,21, ngorogodo, python3, 107683 107711 113885
20200408 23:55, gpu2002, 2, 00000000:D8:00.0,42,97,18, mshahbaaz, gmx_mpi, 113885 117288
