20200722 00:00, gpu2005, 0, 00000000:3B:00.0,53,98,44, sabramowitz, python3, 335244 335456 335457 335458 345106 345435 347483 347484 347485 347486 347487 347488
20200722 00:00, gpu2005, 1, 00000000:AF:00.0,32,0,0, sabramowitz, python3, 335244 335456 335457 335458 345106 345435 347483 347484 347485 347486 347487 347488
20200722 00:00, gpu2005, 2, 00000000:D8:00.0,32,0,0, sabramowitz, python3, 335244 335456 335457 335458 345106 345435 347483 347484 347485 347486 347487 347488
20200722 00:05, gpu2005, 0, 00000000:3B:00.0,55,99,45, sabramowitz, python3, 335244 335456 335457 335458 345106 345435 347483 347484 347485 347486 347487 347488
20200722 00:05, gpu2005, 1, 00000000:AF:00.0,32,1,0, sabramowitz, python3, 335244 335456 335457 335458 345106 345435 347483 347484 347485 347486 347487 347488
20200722 00:05, gpu2005, 2, 00000000:D8:00.0,32,0,0, sabramowitz, python3, 335244 335456 335457 335458 345106 345435 347483 347484 347485 347486 347487 347488
20200722 00:10, gpu2005, 0, 00000000:3B:00.0,56,99,43, sabramowitz, python3, 335244 335456 335457 335458 345106 345435 347483 347484 347485 347486 347487 347488
20200722 00:10, gpu2005, 1, 00000000:AF:00.0,32,0,0, sabramowitz, python3, 335244 335456 335457 335458 345106 345435 347483 347484 347485 347486 347487 347488
20200722 00:10, gpu2005, 2, 00000000:D8:00.0,32,0,0, sabramowitz, python3, 335244 335456 335457 335458 345106 345435 347483 347484 347485 347486 347487 347488
20200722 00:15, gpu2005, 0, 00000000:3B:00.0,56,98,48, sabramowitz, python3, 335244 335456 335457 335458 345106 345435 348753 348754 348755 348756 348757 348758
20200722 00:15, gpu2005, 1, 00000000:AF:00.0,32,0,0, sabramowitz, python3, 335244 335456 335457 335458 345106 345435 348753 348754 348755 348756 348757 348758
20200722 00:15, gpu2005, 2, 00000000:D8:00.0,32,0,0, sabramowitz, python3, 335244 335456 335457 335458 345106 345435 348753 348754 348755 348756 348757 348758
20200722 00:20, gpu2005, 0, 00000000:3B:00.0,56,79,32, sabramowitz, python3, 335244 335456 335457 335458 345106 345435 348753 348754 348755 348756 348757 348758
20200722 00:20, gpu2005, 1, 00000000:AF:00.0,32,1,0, sabramowitz, python3, 335244 335456 335457 335458 345106 345435 348753 348754 348755 348756 348757 348758
20200722 00:20, gpu2005, 2, 00000000:D8:00.0,32,0,0, sabramowitz, python3, 335244 335456 335457 335458 345106 345435 348753 348754 348755 348756 348757 348758
20200722 00:25, gpu2005, 0, 00000000:3B:00.0,54,85,43, sabramowitz, python3, 335244 335456 335457 335458 345106 345435 350070 350071 350072 350073 350074 350075
20200722 00:25, gpu2005, 1, 00000000:AF:00.0,32,1,0, sabramowitz, python3, 335244 335456 335457 335458 345106 345435 350070 350071 350072 350073 350074 350075
20200722 00:25, gpu2005, 2, 00000000:D8:00.0,32,0,0, sabramowitz, python3, 335244 335456 335457 335458 345106 345435 350070 350071 350072 350073 350074 350075
20200722 00:30, gpu2005, 0, 00000000:3B:00.0,56,99,43, sabramowitz, python3, 335244 335456 335457 335458 345106 345435 350070 350071 350072 350073 350074 350075
20200722 00:30, gpu2005, 1, 00000000:AF:00.0,32,0,0, sabramowitz, python3, 335244 335456 335457 335458 345106 345435 350070 350071 350072 350073 350074 350075
20200722 00:30, gpu2005, 2, 00000000:D8:00.0,32,0,0, sabramowitz, python3, 335244 335456 335457 335458 345106 345435 350070 350071 350072 350073 350074 350075
20200722 00:35, gpu2005, 0, 00000000:3B:00.0,55,100,47, sabramowitz, python3, 335244 335456 335457 335458 345106 345435 351510 351511 351512 351513 351514 351515
20200722 00:35, gpu2005, 1, 00000000:AF:00.0,32,0,0, sabramowitz, python3, 335244 335456 335457 335458 345106 345435 351510 351511 351512 351513 351514 351515
20200722 00:35, gpu2005, 2, 00000000:D8:00.0,32,0,0, sabramowitz, python3, 335244 335456 335457 335458 345106 345435 351510 351511 351512 351513 351514 351515
20200722 00:40, gpu2005, 0, 00000000:3B:00.0,54,76,43, sabramowitz, python3, 335244 335456 335457 335458 345106 345435 351510 351511 351512 351513 351514 351515
20200722 00:40, gpu2005, 1, 00000000:AF:00.0,32,8,1, sabramowitz, python3, 335244 335456 335457 335458 345106 345435 351510 351511 351512 351513 351514 351515
20200722 00:40, gpu2005, 2, 00000000:D8:00.0,32,8,1, sabramowitz, python3, 335244 335456 335457 335458 345106 345435 351510 351511 351512 351513 351514 351515
20200722 00:45, gpu2005, 0, 00000000:3B:00.0,52,99,45, sabramowitz, python3, 335244 335456 335457 335458 345106 345435 351510 351511 351512 351513 351514 351515
20200722 00:45, gpu2005, 1, 00000000:AF:00.0,32,8,1, sabramowitz, python3, 335244 335456 335457 335458 345106 345435 351510 351511 351512 351513 351514 351515
20200722 00:45, gpu2005, 2, 00000000:D8:00.0,32,1,0, sabramowitz, python3, 335244 335456 335457 335458 345106 345435 351510 351511 351512 351513 351514 351515
20200722 00:50, gpu2005, 0, 00000000:3B:00.0,55,99,42, sabramowitz, python3, 335244 335456 335457 335458 345106 345435 352627 352628 352629 352630 352631 352632
20200722 00:50, gpu2005, 1, 00000000:AF:00.0,32,0,0, sabramowitz, python3, 335244 335456 335457 335458 345106 345435 352627 352628 352629 352630 352631 352632
20200722 00:50, gpu2005, 2, 00000000:D8:00.0,32,0,0, sabramowitz, python3, 335244 335456 335457 335458 345106 345435 352627 352628 352629 352630 352631 352632
20200722 00:55, gpu2005, 0, 00000000:3B:00.0,56,98,43, sabramowitz, python3, 335244 335456 335457 335458 345106 345435 352627 352628 352629 352630 352631 352632
20200722 00:55, gpu2005, 1, 00000000:AF:00.0,32,1,0, sabramowitz, python3, 335244 335456 335457 335458 345106 345435 352627 352628 352629 352630 352631 352632
20200722 00:55, gpu2005, 2, 00000000:D8:00.0,32,0,0, sabramowitz, python3, 335244 335456 335457 335458 345106 345435 352627 352628 352629 352630 352631 352632
20200722 01:00, gpu2005, 0, 00000000:3B:00.0,56,98,47, sabramowitz, python3, 335244 335456 335457 335458 345106 345435 354862 354863 354865 354866 354867 354868
20200722 01:00, gpu2005, 1, 00000000:AF:00.0,32,2,0, sabramowitz, python3, 335244 335456 335457 335458 345106 345435 354862 354863 354865 354866 354867 354868
20200722 01:00, gpu2005, 2, 00000000:D8:00.0,32,0,0, sabramowitz, python3, 335244 335456 335457 335458 345106 345435 354862 354863 354865 354866 354867 354868
20200722 01:05, gpu2005, 0, 00000000:3B:00.0,56,99,44, sabramowitz, python3, 335244 335456 335457 335458 345106 345435 354862 354863 354865 354866 354867 354868
20200722 01:05, gpu2005, 1, 00000000:AF:00.0,32,0,0, sabramowitz, python3, 335244 335456 335457 335458 345106 345435 354862 354863 354865 354866 354867 354868
20200722 01:05, gpu2005, 2, 00000000:D8:00.0,32,1,0, sabramowitz, python3, 335244 335456 335457 335458 345106 345435 354862 354863 354865 354866 354867 354868
20200722 01:10, gpu2005, 0, 00000000:3B:00.0,55,98,43, sabramowitz, python3, 335244 335456 335457 335458 345106 345435 356313 356314 356315 356316 356317 356318
20200722 01:10, gpu2005, 1, 00000000:AF:00.0,32,0,0, sabramowitz, python3, 335244 335456 335457 335458 345106 345435 356313 356314 356315 356316 356317 356318
20200722 01:10, gpu2005, 2, 00000000:D8:00.0,32,0,0, sabramowitz, python3, 335244 335456 335457 335458 345106 345435 356313 356314 356315 356316 356317 356318
20200722 01:15, gpu2005, 0, 00000000:3B:00.0,55,84,42, sabramowitz, python3, 335244 335456 335457 335458 345106 345435 356313 356314 356315 356316 356317 356318
20200722 01:15, gpu2005, 1, 00000000:AF:00.0,32,0,0, sabramowitz, python3, 335244 335456 335457 335458 345106 345435 356313 356314 356315 356316 356317 356318
20200722 01:15, gpu2005, 2, 00000000:D8:00.0,32,2,0, sabramowitz, python3, 335244 335456 335457 335458 345106 345435 356313 356314 356315 356316 356317 356318
20200722 01:20, gpu2005, 0, 00000000:3B:00.0,55,98,42, sabramowitz, python3, 335244 335456 335457 335458 345106 345435 356313 356314 356315 356316 356317 356318
20200722 01:20, gpu2005, 1, 00000000:AF:00.0,32,0,0, sabramowitz, python3, 335244 335456 335457 335458 345106 345435 356313 356314 356315 356316 356317 356318
20200722 01:20, gpu2005, 2, 00000000:D8:00.0,32,2,0, sabramowitz, python3, 335244 335456 335457 335458 345106 345435 356313 356314 356315 356316 356317 356318
20200722 01:25, gpu2005, 0, 00000000:3B:00.0,54,97,45, sabramowitz, python3, 335244 335456 335457 335458 345106 345435 357870 357871 357872 357873 357874 357875
20200722 01:25, gpu2005, 1, 00000000:AF:00.0,32,0,0, sabramowitz, python3, 335244 335456 335457 335458 345106 345435 357870 357871 357872 357873 357874 357875
20200722 01:25, gpu2005, 2, 00000000:D8:00.0,32,0,0, sabramowitz, python3, 335244 335456 335457 335458 345106 345435 357870 357871 357872 357873 357874 357875
20200722 01:30, gpu2005, 0, 00000000:3B:00.0,56,79,35, sabramowitz, python3, 335244 335456 335457 335458 345106 345435 357870 357871 357872 357873 357874 357875
20200722 01:30, gpu2005, 1, 00000000:AF:00.0,32,0,0, sabramowitz, python3, 335244 335456 335457 335458 345106 345435 357870 357871 357872 357873 357874 357875
20200722 01:30, gpu2005, 2, 00000000:D8:00.0,32,0,0, sabramowitz, python3, 335244 335456 335457 335458 345106 345435 357870 357871 357872 357873 357874 357875
20200722 01:35, gpu2005, 0, 00000000:3B:00.0,55,98,41, sabramowitz, python3, 335244 335456 335457 335458 345106 345435 359974 359975 359976 359977 359978 359979
20200722 01:35, gpu2005, 1, 00000000:AF:00.0,32,0,0, sabramowitz, python3, 335244 335456 335457 335458 345106 345435 359974 359975 359976 359977 359978 359979
20200722 01:35, gpu2005, 2, 00000000:D8:00.0,32,6,1, sabramowitz, python3, 335244 335456 335457 335458 345106 345435 359974 359975 359976 359977 359978 359979
20200722 01:40, gpu2005, 0, 00000000:3B:00.0,49,99,43, sabramowitz, python3, 335244 335456 335457 335458 345106 345435 359974 359975 359976 359977 359978 359979
20200722 01:40, gpu2005, 1, 00000000:AF:00.0,32,0,0, sabramowitz, python3, 335244 335456 335457 335458 345106 345435 359974 359975 359976 359977 359978 359979
20200722 01:40, gpu2005, 2, 00000000:D8:00.0,32,0,0, sabramowitz, python3, 335244 335456 335457 335458 345106 345435 359974 359975 359976 359977 359978 359979
20200722 01:45, gpu2005, 0, 00000000:3B:00.0,57,98,49, sabramowitz, python3, 335244 335456 335457 335458 345106 345435 359974 359975 359976 359977 359978 359979
20200722 01:45, gpu2005, 1, 00000000:AF:00.0,32,0,0, sabramowitz, python3, 335244 335456 335457 335458 345106 345435 359974 359975 359976 359977 359978 359979
20200722 01:45, gpu2005, 2, 00000000:D8:00.0,32,0,0, sabramowitz, python3, 335244 335456 335457 335458 345106 345435 359974 359975 359976 359977 359978 359979
20200722 01:50, gpu2005, 0, 00000000:3B:00.0,56,69,31, sabramowitz, python3, 335244 335456 335457 335458 345106 345435 361738 361739 361740 361741 361742 361743
20200722 01:50, gpu2005, 1, 00000000:AF:00.0,32,0,0, sabramowitz, python3, 335244 335456 335457 335458 345106 345435 361738 361739 361740 361741 361742 361743
20200722 01:50, gpu2005, 2, 00000000:D8:00.0,32,0,0, sabramowitz, python3, 335244 335456 335457 335458 345106 345435 361738 361739 361740 361741 361742 361743
20200722 01:55, gpu2005, 0, 00000000:3B:00.0,56,99,43, sabramowitz, python3, 335244 335456 335457 335458 345106 345435 361738 361739 361740 361741 361742 361743
20200722 01:55, gpu2005, 1, 00000000:AF:00.0,32,8,1, sabramowitz, python3, 335244 335456 335457 335458 345106 345435 361738 361739 361740 361741 361742 361743
20200722 01:55, gpu2005, 2, 00000000:D8:00.0,32,0,0, sabramowitz, python3, 335244 335456 335457 335458 345106 345435 361738 361739 361740 361741 361742 361743
20200722 02:00, gpu2005, 0, 00000000:3B:00.0,55,96,48, sabramowitz, python3, 335244 335456 335457 335458 345106 345435 363203 363204 363205 363206 363208 363209
20200722 02:00, gpu2005, 1, 00000000:AF:00.0,32,0,0, sabramowitz, python3, 335244 335456 335457 335458 345106 345435 363203 363204 363205 363206 363208 363209
20200722 02:00, gpu2005, 2, 00000000:D8:00.0,32,0,0, sabramowitz, python3, 335244 335456 335457 335458 345106 345435 363203 363204 363205 363206 363208 363209
20200722 02:05, gpu2005, 0, 00000000:3B:00.0,56,99,43, sabramowitz, python3, 335244 335456 335457 335458 345106 345435 363203 363204 363205 363206 363208 363209
20200722 02:05, gpu2005, 1, 00000000:AF:00.0,32,0,0, sabramowitz, python3, 335244 335456 335457 335458 345106 345435 363203 363204 363205 363206 363208 363209
20200722 02:05, gpu2005, 2, 00000000:D8:00.0,32,0,0, sabramowitz, python3, 335244 335456 335457 335458 345106 345435 363203 363204 363205 363206 363208 363209
20200722 02:10, gpu2005, 0, 00000000:3B:00.0,55,96,48, sabramowitz, python3, 335244 335456 335457 335458 345106 345435 365923 365924 365925 365926 365927 365928
20200722 02:10, gpu2005, 1, 00000000:AF:00.0,32,0,0, sabramowitz, python3, 335244 335456 335457 335458 345106 345435 365923 365924 365925 365926 365927 365928
20200722 02:10, gpu2005, 2, 00000000:D8:00.0,32,2,0, sabramowitz, python3, 335244 335456 335457 335458 345106 345435 365923 365924 365925 365926 365927 365928
20200722 02:15, gpu2005, 0, 00000000:3B:00.0,56,74,33, sabramowitz, python3, 335244 335456 335457 335458 345106 345435 365923 365924 365925 365926 365927 365928
20200722 02:15, gpu2005, 1, 00000000:AF:00.0,32,1,0, sabramowitz, python3, 335244 335456 335457 335458 345106 345435 365923 365924 365925 365926 365927 365928
20200722 02:15, gpu2005, 2, 00000000:D8:00.0,32,1,0, sabramowitz, python3, 335244 335456 335457 335458 345106 345435 365923 365924 365925 365926 365927 365928
20200722 02:20, gpu2005, 0, 00000000:3B:00.0,56,98,51, sabramowitz, python3, 335244 335456 335457 335458 345106 345435 365923 365924 365925 365926 365927 365928
20200722 02:20, gpu2005, 1, 00000000:AF:00.0,32,8,1, sabramowitz, python3, 335244 335456 335457 335458 345106 345435 365923 365924 365925 365926 365927 365928
20200722 02:20, gpu2005, 2, 00000000:D8:00.0,32,0,0, sabramowitz, python3, 335244 335456 335457 335458 345106 345435 365923 365924 365925 365926 365927 365928
20200722 02:25, gpu2005, 0, 00000000:3B:00.0,42,8,1, sabramowitz, python3, 335244 335456 335457 335458 345106 345435 367317 367318 367319 367320 367321 367322
20200722 02:25, gpu2005, 1, 00000000:AF:00.0,32,1,0, sabramowitz, python3, 335244 335456 335457 335458 345106 345435 367317 367318 367319 367320 367321 367322
20200722 02:25, gpu2005, 2, 00000000:D8:00.0,32,0,0, sabramowitz, python3, 335244 335456 335457 335458 345106 345435 367317 367318 367319 367320 367321 367322
20200722 02:30, gpu2005, 0, 00000000:3B:00.0,56,98,41, sabramowitz, python3, 335244 335456 335457 335458 345106 345435 367317 367318 367319 367320 367321 367322
20200722 02:30, gpu2005, 1, 00000000:AF:00.0,32,0,0, sabramowitz, python3, 335244 335456 335457 335458 345106 345435 367317 367318 367319 367320 367321 367322
20200722 02:30, gpu2005, 2, 00000000:D8:00.0,32,0,0, sabramowitz, python3, 335244 335456 335457 335458 345106 345435 367317 367318 367319 367320 367321 367322
20200722 02:35, gpu2005, 0, 00000000:3B:00.0,55,98,49, sabramowitz, python3, 335244 335456 335457 335458 345106 345435 369162 369163 369164 369165 369166 369167
20200722 02:35, gpu2005, 1, 00000000:AF:00.0,32,0,0, sabramowitz, python3, 335244 335456 335457 335458 345106 345435 369162 369163 369164 369165 369166 369167
20200722 02:35, gpu2005, 2, 00000000:D8:00.0,32,0,0, sabramowitz, python3, 335244 335456 335457 335458 345106 345435 369162 369163 369164 369165 369166 369167
20200722 02:40, gpu2005, 0, 00000000:3B:00.0,55,99,38, sabramowitz, python3, 335244 335456 335457 335458 345106 345435 369162 369163 369164 369165 369166 369167
20200722 02:40, gpu2005, 1, 00000000:AF:00.0,32,1,0, sabramowitz, python3, 335244 335456 335457 335458 345106 345435 369162 369163 369164 369165 369166 369167
20200722 02:40, gpu2005, 2, 00000000:D8:00.0,32,0,0, sabramowitz, python3, 335244 335456 335457 335458 345106 345435 369162 369163 369164 369165 369166 369167
20200722 02:45, gpu2005, 0, 00000000:3B:00.0,53,99,43, sabramowitz, python3, 335244 335456 335457 335458 345106 345435 370532 370533 370534 370535 370536 370537
20200722 02:45, gpu2005, 1, 00000000:AF:00.0,32,0,0, sabramowitz, python3, 335244 335456 335457 335458 345106 345435 370532 370533 370534 370535 370536 370537
20200722 02:45, gpu2005, 2, 00000000:D8:00.0,32,0,0, sabramowitz, python3, 335244 335456 335457 335458 345106 345435 370532 370533 370534 370535 370536 370537
20200722 02:50, gpu2005, 0, 00000000:3B:00.0,56,99,44, sabramowitz, python3, 335244 335456 335457 335458 345106 345435 370532 370533 370534 370535 370536 370537
20200722 02:50, gpu2005, 1, 00000000:AF:00.0,32,0,0, sabramowitz, python3, 335244 335456 335457 335458 345106 345435 370532 370533 370534 370535 370536 370537
20200722 02:50, gpu2005, 2, 00000000:D8:00.0,32,1,0, sabramowitz, python3, 335244 335456 335457 335458 345106 345435 370532 370533 370534 370535 370536 370537
20200722 02:55, gpu2005, 0, 00000000:3B:00.0,55,96,46, sabramowitz, python3, 335244 335456 335457 335458 345106 345435 370532 370533 370534 370535 370536 370537
20200722 02:55, gpu2005, 1, 00000000:AF:00.0,32,1,0, sabramowitz, python3, 335244 335456 335457 335458 345106 345435 370532 370533 370534 370535 370536 370537
20200722 02:55, gpu2005, 2, 00000000:D8:00.0,32,1,0, sabramowitz, python3, 335244 335456 335457 335458 345106 345435 370532 370533 370534 370535 370536 370537
20200722 03:00, gpu2005, 0, 00000000:3B:00.0,56,98,49, sabramowitz, python3, 335244 335456 335457 335458 345106 345435 371725 371726 371727 371728 371729 371730
20200722 03:00, gpu2005, 1, 00000000:AF:00.0,32,0,0, sabramowitz, python3, 335244 335456 335457 335458 345106 345435 371725 371726 371727 371728 371729 371730
20200722 03:00, gpu2005, 2, 00000000:D8:00.0,32,7,1, sabramowitz, python3, 335244 335456 335457 335458 345106 345435 371725 371726 371727 371728 371729 371730
20200722 03:05, gpu2005, 0, 00000000:3B:00.0,56,78,42, sabramowitz, python3, 335244 335456 335457 335458 345106 345435 371725 371726 371727 371728 371729 371730
20200722 03:05, gpu2005, 1, 00000000:AF:00.0,32,0,0, sabramowitz, python3, 335244 335456 335457 335458 345106 345435 371725 371726 371727 371728 371729 371730
20200722 03:05, gpu2005, 2, 00000000:D8:00.0,32,0,0, sabramowitz, python3, 335244 335456 335457 335458 345106 345435 371725 371726 371727 371728 371729 371730
20200722 03:10, gpu2005, 0, 00000000:3B:00.0,56,98,43, sabramowitz, python3, 335244 335456 335457 335458 345106 345435 373036 373037 373038 373039 373040 373041
20200722 03:10, gpu2005, 1, 00000000:AF:00.0,32,0,0, sabramowitz, python3, 335244 335456 335457 335458 345106 345435 373036 373037 373038 373039 373040 373041
20200722 03:10, gpu2005, 2, 00000000:D8:00.0,32,2,0, sabramowitz, python3, 335244 335456 335457 335458 345106 345435 373036 373037 373038 373039 373040 373041
20200722 03:15, gpu2005, 0, 00000000:3B:00.0,47,0,0, sabramowitz, python3, 335244 335456 335457 335458 345106 345435 373036 373037 373038 373039 373040 373041
20200722 03:15, gpu2005, 1, 00000000:AF:00.0,32,8,1, sabramowitz, python3, 335244 335456 335457 335458 345106 345435 373036 373037 373038 373039 373040 373041
20200722 03:15, gpu2005, 2, 00000000:D8:00.0,32,0,0, sabramowitz, python3, 335244 335456 335457 335458 345106 345435 373036 373037 373038 373039 373040 373041
20200722 03:20, gpu2005, 0, 00000000:3B:00.0,56,98,47, sabramowitz, python3, 335244 335456 335457 335458 345106 345435 374976 374977 374978 374979 374980 374981
20200722 03:20, gpu2005, 1, 00000000:AF:00.0,32,0,0, sabramowitz, python3, 335244 335456 335457 335458 345106 345435 374976 374977 374978 374979 374980 374981
20200722 03:20, gpu2005, 2, 00000000:D8:00.0,33,0,0, sabramowitz, python3, 335244 335456 335457 335458 345106 345435 374976 374977 374978 374979 374980 374981
20200722 03:25, gpu2005, 0, 00000000:3B:00.0,56,99,48, sabramowitz, python3, 335244 335456 335457 335458 345106 345435 374976 374977 374978 374979 374980 374981
20200722 03:25, gpu2005, 1, 00000000:AF:00.0,32,0,0, sabramowitz, python3, 335244 335456 335457 335458 345106 345435 374976 374977 374978 374979 374980 374981
20200722 03:25, gpu2005, 2, 00000000:D8:00.0,32,2,0, sabramowitz, python3, 335244 335456 335457 335458 345106 345435 374976 374977 374978 374979 374980 374981
20200722 03:30, gpu2005, 0, 00000000:3B:00.0,56,96,42, sabramowitz, python3, 335244 335456 335457 335458 345106 345435 374976 374977 374978 374979 374980 374981
20200722 03:30, gpu2005, 1, 00000000:AF:00.0,32,2,0, sabramowitz, python3, 335244 335456 335457 335458 345106 345435 374976 374977 374978 374979 374980 374981
20200722 03:30, gpu2005, 2, 00000000:D8:00.0,32,1,0, sabramowitz, python3, 335244 335456 335457 335458 345106 345435 374976 374977 374978 374979 374980 374981
20200722 03:35, gpu2005, 0, 00000000:3B:00.0,57,96,42, sabramowitz, python3, 335244 335456 335457 335458 345106 345435 376700 376701 376702 376703 376704 376705
20200722 03:35, gpu2005, 1, 00000000:AF:00.0,32,1,0, sabramowitz, python3, 335244 335456 335457 335458 345106 345435 376700 376701 376702 376703 376704 376705
20200722 03:35, gpu2005, 2, 00000000:D8:00.0,32,0,0, sabramowitz, python3, 335244 335456 335457 335458 345106 345435 376700 376701 376702 376703 376704 376705
20200722 03:40, gpu2005, 0, 00000000:3B:00.0,56,98,47, sabramowitz, python3, 335244 335456 335457 335458 345106 345435 376700 376701 376702 376703 376704 376705
20200722 03:40, gpu2005, 1, 00000000:AF:00.0,32,1,0, sabramowitz, python3, 335244 335456 335457 335458 345106 345435 376700 376701 376702 376703 376704 376705
20200722 03:40, gpu2005, 2, 00000000:D8:00.0,32,8,1, sabramowitz, python3, 335244 335456 335457 335458 345106 345435 376700 376701 376702 376703 376704 376705
20200722 03:45, gpu2005, 0, 00000000:3B:00.0,56,99,44, sabramowitz, python3, 335244 335456 335457 335458 345106 345435 378901 378902 378903 378904 378905 378906
20200722 03:45, gpu2005, 1, 00000000:AF:00.0,32,0,0, sabramowitz, python3, 335244 335456 335457 335458 345106 345435 378901 378902 378903 378904 378905 378906
20200722 03:45, gpu2005, 2, 00000000:D8:00.0,32,0,0, sabramowitz, python3, 335244 335456 335457 335458 345106 345435 378901 378902 378903 378904 378905 378906
20200722 03:50, gpu2005, 0, 00000000:3B:00.0,55,98,47, sabramowitz, python3, 335244 335456 335457 335458 345106 345435 378901 378902 378903 378904 378905 378906
20200722 03:50, gpu2005, 1, 00000000:AF:00.0,32,2,0, sabramowitz, python3, 335244 335456 335457 335458 345106 345435 378901 378902 378903 378904 378905 378906
20200722 03:50, gpu2005, 2, 00000000:D8:00.0,32,0,0, sabramowitz, python3, 335244 335456 335457 335458 345106 345435 378901 378902 378903 378904 378905 378906
20200722 03:55, gpu2005, 0, 00000000:3B:00.0,55,96,46, sabramowitz, python3, 335244 335456 335457 335458 345106 345435 380269 380270 380271 380272 380273 380274
20200722 03:55, gpu2005, 1, 00000000:AF:00.0,32,0,0, sabramowitz, python3, 335244 335456 335457 335458 345106 345435 380269 380270 380271 380272 380273 380274
20200722 03:55, gpu2005, 2, 00000000:D8:00.0,32,0,0, sabramowitz, python3, 335244 335456 335457 335458 345106 345435 380269 380270 380271 380272 380273 380274
20200722 04:00, gpu2005, 0, 00000000:3B:00.0,56,77,31, sabramowitz, python3, 335244 335456 335457 335458 345106 345435 380269 380270 380271 380272 380273 380274
20200722 04:00, gpu2005, 1, 00000000:AF:00.0,32,0,0, sabramowitz, python3, 335244 335456 335457 335458 345106 345435 380269 380270 380271 380272 380273 380274
20200722 04:00, gpu2005, 2, 00000000:D8:00.0,32,0,0, sabramowitz, python3, 335244 335456 335457 335458 345106 345435 380269 380270 380271 380272 380273 380274
20200722 04:05, gpu2005, 0, 00000000:3B:00.0,57,97,50, sabramowitz, python3, 335244 335456 335457 335458 345106 345435 380269 380270 380271 380272 380273 380274
20200722 04:05, gpu2005, 1, 00000000:AF:00.0,32,0,0, sabramowitz, python3, 335244 335456 335457 335458 345106 345435 380269 380270 380271 380272 380273 380274
20200722 04:05, gpu2005, 2, 00000000:D8:00.0,32,3,1, sabramowitz, python3, 335244 335456 335457 335458 345106 345435 380269 380270 380271 380272 380273 380274
20200722 04:10, gpu2005, 0, 00000000:3B:00.0,56,99,45, sabramowitz, python3, 335244 335456 335457 335458 345106 345435 382649 382650 382651 382652 382653 382654
20200722 04:10, gpu2005, 1, 00000000:AF:00.0,32,2,0, sabramowitz, python3, 335244 335456 335457 335458 345106 345435 382649 382650 382651 382652 382653 382654
20200722 04:10, gpu2005, 2, 00000000:D8:00.0,32,0,0, sabramowitz, python3, 335244 335456 335457 335458 345106 345435 382649 382650 382651 382652 382653 382654
20200722 04:15, gpu2005, 0, 00000000:3B:00.0,56,99,43, sabramowitz, python3, 335244 335456 335457 335458 345106 345435 382649 382650 382651 382652 382653 382654
20200722 04:15, gpu2005, 1, 00000000:AF:00.0,32,0,0, sabramowitz, python3, 335244 335456 335457 335458 345106 345435 382649 382650 382651 382652 382653 382654
20200722 04:15, gpu2005, 2, 00000000:D8:00.0,32,0,0, sabramowitz, python3, 335244 335456 335457 335458 345106 345435 382649 382650 382651 382652 382653 382654
20200722 04:20, gpu2005, 0, 00000000:3B:00.0,56,98,45, sabramowitz, python3, 335244 335456 335457 335458 345106 345435 383621 383622 383623 383624 383625 383626
20200722 04:20, gpu2005, 1, 00000000:AF:00.0,32,1,0, sabramowitz, python3, 335244 335456 335457 335458 345106 345435 383621 383622 383623 383624 383625 383626
20200722 04:20, gpu2005, 2, 00000000:D8:00.0,32,0,0, sabramowitz, python3, 335244 335456 335457 335458 345106 345435 383621 383622 383623 383624 383625 383626
20200722 04:25, gpu2005, 0, 00000000:3B:00.0,56,96,40, sabramowitz, python3, 335244 335456 335457 335458 345106 345435 383621 383622 383623 383624 383625 383626
20200722 04:25, gpu2005, 1, 00000000:AF:00.0,32,0,0, sabramowitz, python3, 335244 335456 335457 335458 345106 345435 383621 383622 383623 383624 383625 383626
20200722 04:25, gpu2005, 2, 00000000:D8:00.0,32,1,0, sabramowitz, python3, 335244 335456 335457 335458 345106 345435 383621 383622 383623 383624 383625 383626
20200722 04:30, gpu2005, 0, 00000000:3B:00.0,56,100,42, sabramowitz, python3, 335244 335456 335457 335458 345106 345435 385237 385238 385240 385241 385242 385243
20200722 04:30, gpu2005, 1, 00000000:AF:00.0,32,8,1, sabramowitz, python3, 335244 335456 335457 335458 345106 345435 385237 385238 385240 385241 385242 385243
20200722 04:30, gpu2005, 2, 00000000:D8:00.0,32,8,1, sabramowitz, python3, 335244 335456 335457 335458 345106 345435 385237 385238 385240 385241 385242 385243
20200722 04:35, gpu2005, 0, 00000000:3B:00.0,56,97,43, sabramowitz, python3, 335244 335456 335457 335458 345106 345435 385237 385238 385240 385241 385242 385243
20200722 04:35, gpu2005, 1, 00000000:AF:00.0,32,0,0, sabramowitz, python3, 335244 335456 335457 335458 345106 345435 385237 385238 385240 385241 385242 385243
20200722 04:35, gpu2005, 2, 00000000:D8:00.0,32,0,0, sabramowitz, python3, 335244 335456 335457 335458 345106 345435 385237 385238 385240 385241 385242 385243
20200722 04:40, gpu2005, 0, 00000000:3B:00.0,51,95,42, sabramowitz, python3, 335244 335456 335457 335458 345106 345435 388322 388323 388324 388325 388326 388327
20200722 04:40, gpu2005, 1, 00000000:AF:00.0,32,1,0, sabramowitz, python3, 335244 335456 335457 335458 345106 345435 388322 388323 388324 388325 388326 388327
20200722 04:40, gpu2005, 2, 00000000:D8:00.0,32,0,0, sabramowitz, python3, 335244 335456 335457 335458 345106 345435 388322 388323 388324 388325 388326 388327
20200722 04:45, gpu2005, 0, 00000000:3B:00.0,56,99,49, sabramowitz, python3, 335244 335456 335457 335458 345106 345435 388322 388323 388324 388325 388326 388327
20200722 04:45, gpu2005, 1, 00000000:AF:00.0,32,0,0, sabramowitz, python3, 335244 335456 335457 335458 345106 345435 388322 388323 388324 388325 388326 388327
20200722 04:45, gpu2005, 2, 00000000:D8:00.0,32,0,0, sabramowitz, python3, 335244 335456 335457 335458 345106 345435 388322 388323 388324 388325 388326 388327
20200722 04:50, gpu2005, 0, 00000000:3B:00.0,53,99,49, sabramowitz, python3, 335244 335456 335457 335458 345106 345435 388322 388323 388324 388325 388326 388327
20200722 04:50, gpu2005, 1, 00000000:AF:00.0,32,0,0, sabramowitz, python3, 335244 335456 335457 335458 345106 345435 388322 388323 388324 388325 388326 388327
20200722 04:50, gpu2005, 2, 00000000:D8:00.0,32,0,0, sabramowitz, python3, 335244 335456 335457 335458 345106 345435 388322 388323 388324 388325 388326 388327
20200722 04:55, gpu2005, 0, 00000000:3B:00.0,56,98,40, sabramowitz, python3, 335244 335456 335457 335458 345106 345435 390843 390844 390845 390846 390847 390848
20200722 04:55, gpu2005, 1, 00000000:AF:00.0,32,0,0, sabramowitz, python3, 335244 335456 335457 335458 345106 345435 390843 390844 390845 390846 390847 390848
20200722 04:55, gpu2005, 2, 00000000:D8:00.0,32,1,0, sabramowitz, python3, 335244 335456 335457 335458 345106 345435 390843 390844 390845 390846 390847 390848
20200722 05:00, gpu2005, 0, 00000000:3B:00.0,56,97,43, sabramowitz, python3, 335244 335456 335457 335458 345106 345435 390843 390844 390845 390846 390847 390848
20200722 05:00, gpu2005, 1, 00000000:AF:00.0,32,0,0, sabramowitz, python3, 335244 335456 335457 335458 345106 345435 390843 390844 390845 390846 390847 390848
20200722 05:00, gpu2005, 2, 00000000:D8:00.0,32,1,0, sabramowitz, python3, 335244 335456 335457 335458 345106 345435 390843 390844 390845 390846 390847 390848
20200722 05:05, gpu2005, 0, 00000000:3B:00.0,54,99,43, sabramowitz, python3, 335244 335456 335457 335458 345106 345435 392246 392247 392248 392249 392250 392251
20200722 05:05, gpu2005, 1, 00000000:AF:00.0,32,8,1, sabramowitz, python3, 335244 335456 335457 335458 345106 345435 392246 392247 392248 392249 392250 392251
20200722 05:05, gpu2005, 2, 00000000:D8:00.0,32,0,0, sabramowitz, python3, 335244 335456 335457 335458 345106 345435 392246 392247 392248 392249 392250 392251
20200722 05:10, gpu2005, 0, 00000000:3B:00.0,56,98,43, sabramowitz, python3, 335244 335456 335457 335458 345106 345435 392246 392247 392248 392249 392250 392251
20200722 05:10, gpu2005, 1, 00000000:AF:00.0,32,0,0, sabramowitz, python3, 335244 335456 335457 335458 345106 345435 392246 392247 392248 392249 392250 392251
20200722 05:10, gpu2005, 2, 00000000:D8:00.0,32,1,0, sabramowitz, python3, 335244 335456 335457 335458 345106 345435 392246 392247 392248 392249 392250 392251
20200722 05:15, gpu2005, 0, 00000000:3B:00.0,55,99,43, sabramowitz, python3, 335244 335456 335457 335458 345106 345435 394123 394124 394125 394126 394127 394128
20200722 05:15, gpu2005, 1, 00000000:AF:00.0,32,8,1, sabramowitz, python3, 335244 335456 335457 335458 345106 345435 394123 394124 394125 394126 394127 394128
20200722 05:15, gpu2005, 2, 00000000:D8:00.0,32,0,0, sabramowitz, python3, 335244 335456 335457 335458 345106 345435 394123 394124 394125 394126 394127 394128
20200722 05:20, gpu2005, 0, 00000000:3B:00.0,56,98,41, sabramowitz, python3, 335244 335456 335457 335458 345106 345435 394123 394124 394125 394126 394127 394128
20200722 05:20, gpu2005, 1, 00000000:AF:00.0,32,1,0, sabramowitz, python3, 335244 335456 335457 335458 345106 345435 394123 394124 394125 394126 394127 394128
20200722 05:20, gpu2005, 2, 00000000:D8:00.0,32,0,0, sabramowitz, python3, 335244 335456 335457 335458 345106 345435 394123 394124 394125 394126 394127 394128
20200722 05:25, gpu2005, 0, 00000000:3B:00.0,57,97,42, sabramowitz, python3, 335244 335456 335457 335458 345106 345435 394123 394124 394125 394126 394127 394128
20200722 05:25, gpu2005, 1, 00000000:AF:00.0,32,0,0, sabramowitz, python3, 335244 335456 335457 335458 345106 345435 394123 394124 394125 394126 394127 394128
20200722 05:25, gpu2005, 2, 00000000:D8:00.0,32,1,0, sabramowitz, python3, 335244 335456 335457 335458 345106 345435 394123 394124 394125 394126 394127 394128
20200722 05:30, gpu2005, 0, 00000000:3B:00.0,56,96,47, sabramowitz, python3, 335244 335456 335457 335458 345106 345435 396255 396256 396257 396258 396259 396260
20200722 05:30, gpu2005, 1, 00000000:AF:00.0,32,0,0, sabramowitz, python3, 335244 335456 335457 335458 345106 345435 396255 396256 396257 396258 396259 396260
20200722 05:30, gpu2005, 2, 00000000:D8:00.0,32,1,0, sabramowitz, python3, 335244 335456 335457 335458 345106 345435 396255 396256 396257 396258 396259 396260
20200722 05:35, gpu2005, 0, 00000000:3B:00.0,56,98,41, sabramowitz, python3, 335244 335456 335457 335458 345106 345435 396255 396256 396257 396258 396259 396260
20200722 05:35, gpu2005, 1, 00000000:AF:00.0,32,0,0, sabramowitz, python3, 335244 335456 335457 335458 345106 345435 396255 396256 396257 396258 396259 396260
20200722 05:35, gpu2005, 2, 00000000:D8:00.0,32,1,0, sabramowitz, python3, 335244 335456 335457 335458 345106 345435 396255 396256 396257 396258 396259 396260
20200722 05:40, gpu2005, 0, 00000000:3B:00.0,56,68,32, sabramowitz, python3, 335244 335456 335457 335458 345106 345435 397458 397459 397460 397461 397462 397463
20200722 05:40, gpu2005, 1, 00000000:AF:00.0,32,0,0, sabramowitz, python3, 335244 335456 335457 335458 345106 345435 397458 397459 397460 397461 397462 397463
20200722 05:40, gpu2005, 2, 00000000:D8:00.0,32,0,0, sabramowitz, python3, 335244 335456 335457 335458 345106 345435 397458 397459 397460 397461 397462 397463
20200722 05:45, gpu2005, 0, 00000000:3B:00.0,57,96,49, sabramowitz, python3, 335244 335456 335457 335458 345106 345435 397458 397459 397460 397461 397462 397463
20200722 05:45, gpu2005, 1, 00000000:AF:00.0,32,0,0, sabramowitz, python3, 335244 335456 335457 335458 345106 345435 397458 397459 397460 397461 397462 397463
20200722 05:45, gpu2005, 2, 00000000:D8:00.0,33,0,0, sabramowitz, python3, 335244 335456 335457 335458 345106 345435 397458 397459 397460 397461 397462 397463
20200722 05:50, gpu2005, 0, 00000000:3B:00.0,56,83,36, sabramowitz, python3, 335244 335456 335457 335458 345106 345435 398442 398443 398444 398445 398446 398447
20200722 05:50, gpu2005, 1, 00000000:AF:00.0,32,1,0, sabramowitz, python3, 335244 335456 335457 335458 345106 345435 398442 398443 398444 398445 398446 398447
20200722 05:50, gpu2005, 2, 00000000:D8:00.0,33,0,0, sabramowitz, python3, 335244 335456 335457 335458 345106 345435 398442 398443 398444 398445 398446 398447
20200722 05:55, gpu2005, 0, 00000000:3B:00.0,56,97,44, sabramowitz, python3, 335244 335456 335457 335458 345106 345435 398442 398443 398444 398445 398446 398447
20200722 05:55, gpu2005, 1, 00000000:AF:00.0,32,0,0, sabramowitz, python3, 335244 335456 335457 335458 345106 345435 398442 398443 398444 398445 398446 398447
20200722 05:55, gpu2005, 2, 00000000:D8:00.0,32,0,0, sabramowitz, python3, 335244 335456 335457 335458 345106 345435 398442 398443 398444 398445 398446 398447
20200722 06:00, gpu2005, 0, 00000000:3B:00.0,56,95,39, sabramowitz, python3, 335244 335456 335457 335458 345106 345435 398442 398443 398444 398445 398446 398447
20200722 06:00, gpu2005, 1, 00000000:AF:00.0,32,0,0, sabramowitz, python3, 335244 335456 335457 335458 345106 345435 398442 398443 398444 398445 398446 398447
20200722 06:00, gpu2005, 2, 00000000:D8:00.0,32,2,0, sabramowitz, python3, 335244 335456 335457 335458 345106 345435 398442 398443 398444 398445 398446 398447
20200722 06:05, gpu2005, 0, 00000000:3B:00.0,46,8,1, sabramowitz, python3, 335244 335456 335457 335458 345106 345435 399893 399894 399895 399896 399897 399898
20200722 06:05, gpu2005, 1, 00000000:AF:00.0,32,8,1, sabramowitz, python3, 335244 335456 335457 335458 345106 345435 399893 399894 399895 399896 399897 399898
20200722 06:05, gpu2005, 2, 00000000:D8:00.0,32,1,0, sabramowitz, python3, 335244 335456 335457 335458 345106 345435 399893 399894 399895 399896 399897 399898
20200722 06:10, gpu2005, 0, 00000000:3B:00.0,56,99,46, sabramowitz, python3, 335244 335456 335457 335458 345106 345435 399893 399894 399895 399896 399897 399898
20200722 06:10, gpu2005, 1, 00000000:AF:00.0,32,1,0, sabramowitz, python3, 335244 335456 335457 335458 345106 345435 399893 399894 399895 399896 399897 399898
20200722 06:10, gpu2005, 2, 00000000:D8:00.0,32,0,0, sabramowitz, python3, 335244 335456 335457 335458 345106 345435 399893 399894 399895 399896 399897 399898
20200722 06:15, gpu2005, 0, 00000000:3B:00.0,57,99,43, sabramowitz, python3, 335244 335456 335457 335458 345106 345435 401514 401515 401516 401517 401518 401519
20200722 06:15, gpu2005, 1, 00000000:AF:00.0,32,0,0, sabramowitz, python3, 335244 335456 335457 335458 345106 345435 401514 401515 401516 401517 401518 401519
20200722 06:15, gpu2005, 2, 00000000:D8:00.0,33,0,0, sabramowitz, python3, 335244 335456 335457 335458 345106 345435 401514 401515 401516 401517 401518 401519
20200722 06:20, gpu2005, 0, 00000000:3B:00.0,56,98,44, sabramowitz, python3, 335244 335456 335457 335458 345106 345435 401514 401515 401516 401517 401518 401519
20200722 06:20, gpu2005, 1, 00000000:AF:00.0,33,0,0, sabramowitz, python3, 335244 335456 335457 335458 345106 345435 401514 401515 401516 401517 401518 401519
20200722 06:20, gpu2005, 2, 00000000:D8:00.0,33,0,0, sabramowitz, python3, 335244 335456 335457 335458 345106 345435 401514 401515 401516 401517 401518 401519
20200722 06:25, gpu2005, 0, 00000000:3B:00.0,53,97,49, sabramowitz, python3, 335244 335456 335457 335458 345106 345435 402877 402878 402879 402880 402881 402882
20200722 06:25, gpu2005, 1, 00000000:AF:00.0,32,0,0, sabramowitz, python3, 335244 335456 335457 335458 345106 345435 402877 402878 402879 402880 402881 402882
20200722 06:25, gpu2005, 2, 00000000:D8:00.0,32,8,1, sabramowitz, python3, 335244 335456 335457 335458 345106 345435 402877 402878 402879 402880 402881 402882
20200722 06:30, gpu2005, 0, 00000000:3B:00.0,57,98,49, sabramowitz, python3, 335244 335456 335457 335458 345106 345435 402877 402878 402879 402880 402881 402882
20200722 06:30, gpu2005, 1, 00000000:AF:00.0,32,0,0, sabramowitz, python3, 335244 335456 335457 335458 345106 345435 402877 402878 402879 402880 402881 402882
20200722 06:30, gpu2005, 2, 00000000:D8:00.0,32,1,0, sabramowitz, python3, 335244 335456 335457 335458 345106 345435 402877 402878 402879 402880 402881 402882
20200722 06:35, gpu2005, 0, 00000000:3B:00.0,57,87,48, sabramowitz, python3, 335244 335456 335457 335458 345106 345435 402877 402878 402879 402880 402881 402882
20200722 06:35, gpu2005, 1, 00000000:AF:00.0,32,0,0, sabramowitz, python3, 335244 335456 335457 335458 345106 345435 402877 402878 402879 402880 402881 402882
20200722 06:35, gpu2005, 2, 00000000:D8:00.0,32,0,0, sabramowitz, python3, 335244 335456 335457 335458 345106 345435 402877 402878 402879 402880 402881 402882
20200722 06:40, gpu2005, 0, 00000000:3B:00.0,56,98,48, sabramowitz, python3, 335244 335456 335457 335458 345106 345435 403991 403992 403993 403994 403995 403996
20200722 06:40, gpu2005, 1, 00000000:AF:00.0,32,1,0, sabramowitz, python3, 335244 335456 335457 335458 345106 345435 403991 403992 403993 403994 403995 403996
20200722 06:40, gpu2005, 2, 00000000:D8:00.0,32,0,0, sabramowitz, python3, 335244 335456 335457 335458 345106 345435 403991 403992 403993 403994 403995 403996
20200722 06:45, gpu2005, 0, 00000000:3B:00.0,56,96,48, sabramowitz, python3, 335244 335456 335457 335458 345106 345435 403991 403992 403993 403994 403995 403996
20200722 06:45, gpu2005, 1, 00000000:AF:00.0,32,1,0, sabramowitz, python3, 335244 335456 335457 335458 345106 345435 403991 403992 403993 403994 403995 403996
20200722 06:45, gpu2005, 2, 00000000:D8:00.0,32,1,0, sabramowitz, python3, 335244 335456 335457 335458 345106 345435 403991 403992 403993 403994 403995 403996
20200722 06:50, gpu2005, 0, 00000000:3B:00.0,56,96,49, sabramowitz, python3, 335244 335456 335457 335458 345106 345435 405363 405365 405366 405367 405368 405369
20200722 06:50, gpu2005, 1, 00000000:AF:00.0,32,0,0, sabramowitz, python3, 335244 335456 335457 335458 345106 345435 405363 405365 405366 405367 405368 405369
20200722 06:50, gpu2005, 2, 00000000:D8:00.0,33,2,0, sabramowitz, python3, 335244 335456 335457 335458 345106 345435 405363 405365 405366 405367 405368 405369
20200722 06:55, gpu2005, 0, 00000000:3B:00.0,57,98,41, sabramowitz, python3, 335244 335456 335457 335458 345106 345435 405363 405365 405366 405367 405368 405369
20200722 06:55, gpu2005, 1, 00000000:AF:00.0,32,0,0, sabramowitz, python3, 335244 335456 335457 335458 345106 345435 405363 405365 405366 405367 405368 405369
20200722 06:55, gpu2005, 2, 00000000:D8:00.0,33,1,0, sabramowitz, python3, 335244 335456 335457 335458 345106 345435 405363 405365 405366 405367 405368 405369
20200722 07:00, gpu2005, 0, 00000000:3B:00.0,56,98,48, sabramowitz, python3, 335244 335456 335457 335458 345106 345435 407275 407277 407278 407279 407280 407281
20200722 07:00, gpu2005, 1, 00000000:AF:00.0,32,0,0, sabramowitz, python3, 335244 335456 335457 335458 345106 345435 407275 407277 407278 407279 407280 407281
20200722 07:00, gpu2005, 2, 00000000:D8:00.0,32,0,0, sabramowitz, python3, 335244 335456 335457 335458 345106 345435 407275 407277 407278 407279 407280 407281
20200722 07:05, gpu2005, 0, 00000000:3B:00.0,56,80,43, sabramowitz, python3, 335244 335456 335457 335458 345106 345435 407275 407277 407278 407279 407280 407281
20200722 07:05, gpu2005, 1, 00000000:AF:00.0,33,0,0, sabramowitz, python3, 335244 335456 335457 335458 345106 345435 407275 407277 407278 407279 407280 407281
20200722 07:05, gpu2005, 2, 00000000:D8:00.0,33,8,1, sabramowitz, python3, 335244 335456 335457 335458 345106 345435 407275 407277 407278 407279 407280 407281
20200722 07:10, gpu2005, 0, 00000000:3B:00.0,56,87,37, sabramowitz, python3, 335244 335456 335457 335458 345106 345435 407275 407277 407278 407279 407280 407281
20200722 07:10, gpu2005, 1, 00000000:AF:00.0,32,0,0, sabramowitz, python3, 335244 335456 335457 335458 345106 345435 407275 407277 407278 407279 407280 407281
20200722 07:10, gpu2005, 2, 00000000:D8:00.0,33,0,0, sabramowitz, python3, 335244 335456 335457 335458 345106 345435 407275 407277 407278 407279 407280 407281
20200722 07:15, gpu2005, 0, 00000000:3B:00.0,56,98,49, sabramowitz, python3, 335244 335456 335457 335458 345106 345435 409564 409565 409566 409567 409568 409569
20200722 07:15, gpu2005, 1, 00000000:AF:00.0,32,0,0, sabramowitz, python3, 335244 335456 335457 335458 345106 345435 409564 409565 409566 409567 409568 409569
20200722 07:15, gpu2005, 2, 00000000:D8:00.0,33,8,1, sabramowitz, python3, 335244 335456 335457 335458 345106 345435 409564 409565 409566 409567 409568 409569
20200722 07:20, gpu2005, 0, 00000000:3B:00.0,57,98,44, sabramowitz, python3, 335244 335456 335457 335458 345106 345435 409564 409565 409566 409567 409568 409569
20200722 07:20, gpu2005, 1, 00000000:AF:00.0,33,0,0, sabramowitz, python3, 335244 335456 335457 335458 345106 345435 409564 409565 409566 409567 409568 409569
20200722 07:20, gpu2005, 2, 00000000:D8:00.0,33,0,0, sabramowitz, python3, 335244 335456 335457 335458 345106 345435 409564 409565 409566 409567 409568 409569
20200722 07:25, gpu2005, 0, 00000000:3B:00.0,56,99,49, sabramowitz, python3, 335244 335456 335457 335458 345106 345435 410966 410967 410968 410969 410970 410971
20200722 07:25, gpu2005, 1, 00000000:AF:00.0,33,3,0, sabramowitz, python3, 335244 335456 335457 335458 345106 345435 410966 410967 410968 410969 410970 410971
20200722 07:25, gpu2005, 2, 00000000:D8:00.0,33,0,0, sabramowitz, python3, 335244 335456 335457 335458 345106 345435 410966 410967 410968 410969 410970 410971
20200722 07:30, gpu2005, 0, 00000000:3B:00.0,55,97,48, sabramowitz, python3, 335244 335456 335457 335458 345106 345435 410966 410967 410968 410969 410970 410971
20200722 07:30, gpu2005, 1, 00000000:AF:00.0,32,0,0, sabramowitz, python3, 335244 335456 335457 335458 345106 345435 410966 410967 410968 410969 410970 410971
20200722 07:30, gpu2005, 2, 00000000:D8:00.0,33,2,0, sabramowitz, python3, 335244 335456 335457 335458 345106 345435 410966 410967 410968 410969 410970 410971
20200722 07:35, gpu2005, 0, 00000000:3B:00.0,56,99,42, sabramowitz, python3, 335244 335456 335457 335458 345106 345435 412699 412700 412701 412702 412703 412704
20200722 07:35, gpu2005, 1, 00000000:AF:00.0,32,1,0, sabramowitz, python3, 335244 335456 335457 335458 345106 345435 412699 412700 412701 412702 412703 412704
20200722 07:35, gpu2005, 2, 00000000:D8:00.0,32,0,0, sabramowitz, python3, 335244 335456 335457 335458 345106 345435 412699 412700 412701 412702 412703 412704
20200722 07:40, gpu2005, 0, 00000000:3B:00.0,56,99,47, sabramowitz, python3, 335244 335456 335457 335458 345106 345435 412699 412700 412701 412702 412703 412704
20200722 07:40, gpu2005, 1, 00000000:AF:00.0,32,0,0, sabramowitz, python3, 335244 335456 335457 335458 345106 345435 412699 412700 412701 412702 412703 412704
20200722 07:40, gpu2005, 2, 00000000:D8:00.0,32,0,0, sabramowitz, python3, 335244 335456 335457 335458 345106 345435 412699 412700 412701 412702 412703 412704
20200722 07:45, gpu2005, 0, 00000000:3B:00.0,51,98,49, sabramowitz, python3, 335244 335456 335457 335458 345106 345435 413882 413883 413884 413885 413886 413887
20200722 07:45, gpu2005, 1, 00000000:AF:00.0,32,0,0, sabramowitz, python3, 335244 335456 335457 335458 345106 345435 413882 413883 413884 413885 413886 413887
20200722 07:45, gpu2005, 2, 00000000:D8:00.0,33,0,0, sabramowitz, python3, 335244 335456 335457 335458 345106 345435 413882 413883 413884 413885 413886 413887
20200722 07:50, gpu2005, 0, 00000000:3B:00.0,57,98,44, sabramowitz, python3, 335244 335456 335457 335458 345106 345435 413882 413883 413884 413885 413886 413887
20200722 07:50, gpu2005, 1, 00000000:AF:00.0,32,0,0, sabramowitz, python3, 335244 335456 335457 335458 345106 345435 413882 413883 413884 413885 413886 413887
20200722 07:50, gpu2005, 2, 00000000:D8:00.0,32,0,0, sabramowitz, python3, 335244 335456 335457 335458 345106 345435 413882 413883 413884 413885 413886 413887
20200722 07:55, gpu2005, 0, 00000000:3B:00.0,57,82,37, sabramowitz, python3, 335244 335456 335457 335458 345106 345435 413882 413883 413884 413885 413886 413887
20200722 07:55, gpu2005, 1, 00000000:AF:00.0,33,0,0, sabramowitz, python3, 335244 335456 335457 335458 345106 345435 413882 413883 413884 413885 413886 413887
20200722 07:55, gpu2005, 2, 00000000:D8:00.0,33,0,0, sabramowitz, python3, 335244 335456 335457 335458 345106 345435 413882 413883 413884 413885 413886 413887
20200722 08:00, gpu2005, 0, 00000000:3B:00.0,56,95,46, kweiher, python, 345106 345435 415909 415910 415911 415912 415913 415915
20200722 08:00, gpu2005, 1, 00000000:AF:00.0,31,0,0, kweiher, python, 345106 345435 415909 415910 415911 415912 415913 415915
20200722 08:00, gpu2005, 2, 00000000:D8:00.0,31,0,0, kweiher, python, 345106 345435 415909 415910 415911 415912 415913 415915
20200722 08:05, gpu2005, 0, 00000000:3B:00.0,57,98,48, kweiher, python, 345106 345435 415909 415910 415911 415912 415913 415915 416396 416691 416692 416693
20200722 08:05, gpu2005, 1, 00000000:AF:00.0,32,0,0, kweiher, python, 345106 345435 415909 415910 415911 415912 415913 415915 416396 416691 416692 416693
20200722 08:05, gpu2005, 2, 00000000:D8:00.0,32,0,0, kweiher, python, 345106 345435 415909 415910 415911 415912 415913 415915 416396 416691 416692 416693
20200722 08:10, gpu2005, 0, 00000000:3B:00.0,54,98,50, kweiher, python, 345106 345435 416396 416691 416692 416693 417171 417172 417173 417174 417175 417176
20200722 08:10, gpu2005, 1, 00000000:AF:00.0,33,0,0, kweiher, python, 345106 345435 416396 416691 416692 416693 417171 417172 417173 417174 417175 417176
20200722 08:10, gpu2005, 2, 00000000:D8:00.0,33,0,0, kweiher, python, 345106 345435 416396 416691 416692 416693 417171 417172 417173 417174 417175 417176
20200722 08:15, gpu2005, 0, 00000000:3B:00.0,51,79,37, kweiher, python, 345106 345435 416396 416691 416692 416693 417171 417172 417173 417174 417175 417176
20200722 08:15, gpu2005, 1, 00000000:AF:00.0,33,0,0, kweiher, python, 345106 345435 416396 416691 416692 416693 417171 417172 417173 417174 417175 417176
20200722 08:15, gpu2005, 2, 00000000:D8:00.0,33,0,0, kweiher, python, 345106 345435 416396 416691 416692 416693 417171 417172 417173 417174 417175 417176
20200722 08:20, gpu2005, 0, 00000000:3B:00.0,52,39,33, kweiher, python, 345106 345435 416396 416691 416692 416693
20200722 08:20, gpu2005, 1, 00000000:AF:00.0,32,1,0, kweiher, python, 345106 345435 416396 416691 416692 416693
20200722 08:20, gpu2005, 2, 00000000:D8:00.0,33,0,0, kweiher, python, 345106 345435 416396 416691 416692 416693
20200722 08:25, gpu2005, 0, 00000000:3B:00.0,56,99,49, kweiher, python, 345106 345435 416396 416691 416692 416693 420345 420346 420347 420348 420349 420350
20200722 08:25, gpu2005, 1, 00000000:AF:00.0,32,1,0, kweiher, python, 345106 345435 416396 416691 416692 416693 420345 420346 420347 420348 420349 420350
20200722 08:25, gpu2005, 2, 00000000:D8:00.0,33,2,0, kweiher, python, 345106 345435 416396 416691 416692 416693 420345 420346 420347 420348 420349 420350
20200722 08:30, gpu2005, 0, 00000000:3B:00.0,55,93,46, kweiher, python, 345106 345435 416396 416691 416692 416693 420345 420346 420347 420348 420349 420350
20200722 08:30, gpu2005, 1, 00000000:AF:00.0,32,0,0, kweiher, python, 345106 345435 416396 416691 416692 416693 420345 420346 420347 420348 420349 420350
20200722 08:30, gpu2005, 2, 00000000:D8:00.0,33,0,0, kweiher, python, 345106 345435 416396 416691 416692 416693 420345 420346 420347 420348 420349 420350
20200722 08:35, gpu2005, 0, 00000000:3B:00.0,56,99,42, kweiher, python, 345106 345435 416396 416691 416692 416693 422940 422941 422942 422943 422944 422945
20200722 08:35, gpu2005, 1, 00000000:AF:00.0,33,0,0, kweiher, python, 345106 345435 416396 416691 416692 416693 422940 422941 422942 422943 422944 422945
20200722 08:35, gpu2005, 2, 00000000:D8:00.0,33,1,0, kweiher, python, 345106 345435 416396 416691 416692 416693 422940 422941 422942 422943 422944 422945
20200722 08:40, gpu2005, 0, 00000000:3B:00.0,57,99,44, kweiher, python, 345106 345435 416396 416691 416692 416693 422940 422941 422942 422943 422944 422945
20200722 08:40, gpu2005, 1, 00000000:AF:00.0,32,0,0, kweiher, python, 345106 345435 416396 416691 416692 416693 422940 422941 422942 422943 422944 422945
20200722 08:40, gpu2005, 2, 00000000:D8:00.0,33,2,0, kweiher, python, 345106 345435 416396 416691 416692 416693 422940 422941 422942 422943 422944 422945
20200722 08:45, gpu2005, 0, 00000000:3B:00.0,54,98,41, kweiher, python, 345106 345435 416396 416691 416692 416693 427111 427112 427113 427114 427115 427116
20200722 08:45, gpu2005, 1, 00000000:AF:00.0,32,0,0, kweiher, python, 345106 345435 416396 416691 416692 416693 427111 427112 427113 427114 427115 427116
20200722 08:45, gpu2005, 2, 00000000:D8:00.0,32,0,0, kweiher, python, 345106 345435 416396 416691 416692 416693 427111 427112 427113 427114 427115 427116
20200722 08:50, gpu2005, 0, 00000000:3B:00.0,57,99,43, kweiher, python, 345106 345435 416396 416691 416692 416693 427111 427112 427113 427114 427115 427116
20200722 08:50, gpu2005, 1, 00000000:AF:00.0,33,0,0, kweiher, python, 345106 345435 416396 416691 416692 416693 427111 427112 427113 427114 427115 427116
20200722 08:50, gpu2005, 2, 00000000:D8:00.0,33,0,0, kweiher, python, 345106 345435 416396 416691 416692 416693 427111 427112 427113 427114 427115 427116
20200722 08:55, gpu2005, 0, 00000000:3B:00.0,49,99,43, kweiher, python, 345106 345435 416396 416691 416692 416693 429385 429386 429387 429388 429389 429390
20200722 08:55, gpu2005, 1, 00000000:AF:00.0,33,0,0, kweiher, python, 345106 345435 416396 416691 416692 416693 429385 429386 429387 429388 429389 429390
20200722 08:55, gpu2005, 2, 00000000:D8:00.0,33,4,1, kweiher, python, 345106 345435 416396 416691 416692 416693 429385 429386 429387 429388 429389 429390
20200722 09:00, gpu2005, 0, 00000000:3B:00.0,56,97,45, kweiher, python, 345106 345435 416396 416691 416692 416693 429385 429386 429387 429388 429389 429390
20200722 09:00, gpu2005, 1, 00000000:AF:00.0,32,1,0, kweiher, python, 345106 345435 416396 416691 416692 416693 429385 429386 429387 429388 429389 429390
20200722 09:00, gpu2005, 2, 00000000:D8:00.0,33,2,0, kweiher, python, 345106 345435 416396 416691 416692 416693 429385 429386 429387 429388 429389 429390
20200722 09:05, gpu2005, 0, 00000000:3B:00.0,56,97,49, kweiher, python, 345106 345435 416396 416691 416692 416693 429385 429386 429387 429388 429389 429390
20200722 09:05, gpu2005, 1, 00000000:AF:00.0,32,1,0, kweiher, python, 345106 345435 416396 416691 416692 416693 429385 429386 429387 429388 429389 429390
20200722 09:05, gpu2005, 2, 00000000:D8:00.0,32,1,0, kweiher, python, 345106 345435 416396 416691 416692 416693 429385 429386 429387 429388 429389 429390
20200722 09:10, gpu2005, 0, 00000000:3B:00.0,52,98,39, kweiher, python, 345106 345435 416396 416691 416692 416693 433394 433395 433396 433397 433398 433399
20200722 09:10, gpu2005, 1, 00000000:AF:00.0,32,1,0, kweiher, python, 345106 345435 416396 416691 416692 416693 433394 433395 433396 433397 433398 433399
20200722 09:10, gpu2005, 2, 00000000:D8:00.0,32,1,0, kweiher, python, 345106 345435 416396 416691 416692 416693 433394 433395 433396 433397 433398 433399
20200722 09:15, gpu2005, 0, 00000000:3B:00.0,56,99,42, kweiher, python, 345106 345435 416396 416691 416692 416693 433394 433395 433396 433397 433398 433399
20200722 09:15, gpu2005, 1, 00000000:AF:00.0,32,1,0, kweiher, python, 345106 345435 416396 416691 416692 416693 433394 433395 433396 433397 433398 433399
20200722 09:15, gpu2005, 2, 00000000:D8:00.0,32,2,0, kweiher, python, 345106 345435 416396 416691 416692 416693 433394 433395 433396 433397 433398 433399
20200722 09:20, gpu2005, 0, 00000000:3B:00.0,55,98,49, kweiher, python, 345106 345435 416396 416691 416692 416693 436226 436227 436228 436229 436230 436231
20200722 09:20, gpu2005, 1, 00000000:AF:00.0,32,0,0, kweiher, python, 345106 345435 416396 416691 416692 416693 436226 436227 436228 436229 436230 436231
20200722 09:20, gpu2005, 2, 00000000:D8:00.0,33,0,0, kweiher, python, 345106 345435 416396 416691 416692 416693 436226 436227 436228 436229 436230 436231
20200722 09:25, gpu2005, 0, 00000000:3B:00.0,57,94,40, kweiher, python, 345106 345435 416396 416691 416692 416693 436226 436227 436228 436229 436230 436231
20200722 09:25, gpu2005, 1, 00000000:AF:00.0,32,0,0, kweiher, python, 345106 345435 416396 416691 416692 416693 436226 436227 436228 436229 436230 436231
20200722 09:25, gpu2005, 2, 00000000:D8:00.0,33,0,0, kweiher, python, 345106 345435 416396 416691 416692 416693 436226 436227 436228 436229 436230 436231
20200722 09:30, gpu2005, 0, 00000000:3B:00.0,49,99,44, kweiher, python, 345106 345435 416396 416691 416692 416693 439709 439710 439711 439712 439713 439714
20200722 09:30, gpu2005, 1, 00000000:AF:00.0,33,0,0, kweiher, python, 345106 345435 416396 416691 416692 416693 439709 439710 439711 439712 439713 439714
20200722 09:30, gpu2005, 2, 00000000:D8:00.0,33,0,0, kweiher, python, 345106 345435 416396 416691 416692 416693 439709 439710 439711 439712 439713 439714
20200722 09:35, gpu2005, 0, 00000000:3B:00.0,57,98,41, kweiher, python, 345106 345435 416396 416691 416692 416693 439709 439710 439711 439712 439713 439714
20200722 09:35, gpu2005, 1, 00000000:AF:00.0,33,0,0, kweiher, python, 345106 345435 416396 416691 416692 416693 439709 439710 439711 439712 439713 439714
20200722 09:35, gpu2005, 2, 00000000:D8:00.0,33,2,0, kweiher, python, 345106 345435 416396 416691 416692 416693 439709 439710 439711 439712 439713 439714
20200722 09:40, gpu2005, 0, 00000000:3B:00.0,57,99,45, kweiher, python, 345106 345435 416396 416691 416692 416693 439709 439710 439711 439712 439713 439714
20200722 09:40, gpu2005, 1, 00000000:AF:00.0,33,0,0, kweiher, python, 345106 345435 416396 416691 416692 416693 439709 439710 439711 439712 439713 439714
20200722 09:40, gpu2005, 2, 00000000:D8:00.0,33,1,0, kweiher, python, 345106 345435 416396 416691 416692 416693 439709 439710 439711 439712 439713 439714
20200722 09:45, gpu2005, 0, 00000000:3B:00.0,57,99,43, kweiher, python, 345106 345435 416396 416691 416692 416693 442923 442924 442925 442926 442927 442928
20200722 09:45, gpu2005, 1, 00000000:AF:00.0,33,0,0, kweiher, python, 345106 345435 416396 416691 416692 416693 442923 442924 442925 442926 442927 442928
20200722 09:45, gpu2005, 2, 00000000:D8:00.0,33,1,0, kweiher, python, 345106 345435 416396 416691 416692 416693 442923 442924 442925 442926 442927 442928
20200722 09:50, gpu2005, 0, 00000000:3B:00.0,56,98,51, kweiher, python, 345106 345435 416396 416691 416692 416693 442923 442924 442925 442926 442927 442928
20200722 09:50, gpu2005, 1, 00000000:AF:00.0,32,1,0, kweiher, python, 345106 345435 416396 416691 416692 416693 442923 442924 442925 442926 442927 442928
20200722 09:50, gpu2005, 2, 00000000:D8:00.0,33,0,0, kweiher, python, 345106 345435 416396 416691 416692 416693 442923 442924 442925 442926 442927 442928
20200722 09:55, gpu2005, 0, 00000000:3B:00.0,56,99,49, kweiher, python, 345106 345435 416396 416691 416692 416693 445425 445426 445427 445428 445429 445430
20200722 09:55, gpu2005, 1, 00000000:AF:00.0,32,0,0, kweiher, python, 345106 345435 416396 416691 416692 416693 445425 445426 445427 445428 445429 445430
20200722 09:55, gpu2005, 2, 00000000:D8:00.0,33,0,0, kweiher, python, 345106 345435 416396 416691 416692 416693 445425 445426 445427 445428 445429 445430
20200722 10:00, gpu2005, 0, 00000000:3B:00.0,57,95,47, kweiher, python, 345106 345435 416396 416691 416692 416693 445425 445426 445427 445428 445429 445430
20200722 10:00, gpu2005, 1, 00000000:AF:00.0,33,0,0, kweiher, python, 345106 345435 416396 416691 416692 416693 445425 445426 445427 445428 445429 445430
20200722 10:00, gpu2005, 2, 00000000:D8:00.0,33,1,0, kweiher, python, 345106 345435 416396 416691 416692 416693 445425 445426 445427 445428 445429 445430
20200722 10:05, gpu2005, 0, 00000000:3B:00.0,51,64,58, kweiher, python, 345106 345435 416396 416691 416692 416693
20200722 10:05, gpu2005, 1, 00000000:AF:00.0,33,0,0, kweiher, python, 345106 345435 416396 416691 416692 416693
20200722 10:05, gpu2005, 2, 00000000:D8:00.0,33,2,0, kweiher, python, 345106 345435 416396 416691 416692 416693
20200722 10:10, gpu2005, 0, 00000000:3B:00.0,56,95,49, kweiher, python, 345106 345435 416396 416691 416692 416693 448560 448561 448562 448563 448564 448565
20200722 10:10, gpu2005, 1, 00000000:AF:00.0,33,1,0, kweiher, python, 345106 345435 416396 416691 416692 416693 448560 448561 448562 448563 448564 448565
20200722 10:10, gpu2005, 2, 00000000:D8:00.0,33,1,0, kweiher, python, 345106 345435 416396 416691 416692 416693 448560 448561 448562 448563 448564 448565
20200722 10:15, gpu2005, 0, 00000000:3B:00.0,56,98,51, kweiher, python, 345106 345435 416396 416691 416692 416693 448560 448561 448562 448563 448564 448565
20200722 10:15, gpu2005, 1, 00000000:AF:00.0,33,0,0, kweiher, python, 345106 345435 416396 416691 416692 416693 448560 448561 448562 448563 448564 448565
20200722 10:15, gpu2005, 2, 00000000:D8:00.0,33,1,0, kweiher, python, 345106 345435 416396 416691 416692 416693 448560 448561 448562 448563 448564 448565
20200722 10:20, gpu2005, 0, 00000000:3B:00.0,54,96,42, kweiher, python, 345106 345435 416396 416691 416692 416693 451122 451123 451124 451125 451126 451127
20200722 10:20, gpu2005, 1, 00000000:AF:00.0,33,0,0, kweiher, python, 345106 345435 416396 416691 416692 416693 451122 451123 451124 451125 451126 451127
20200722 10:20, gpu2005, 2, 00000000:D8:00.0,33,3,0, kweiher, python, 345106 345435 416396 416691 416692 416693 451122 451123 451124 451125 451126 451127
20200722 10:25, gpu2005, 0, 00000000:3B:00.0,42,1,0, kweiher, python, 345106 345435 416396 416691 416692 416693 451122 451123 451124 451125 451126 451127
20200722 10:25, gpu2005, 1, 00000000:AF:00.0,33,1,0, kweiher, python, 345106 345435 416396 416691 416692 416693 451122 451123 451124 451125 451126 451127
20200722 10:25, gpu2005, 2, 00000000:D8:00.0,33,0,0, kweiher, python, 345106 345435 416396 416691 416692 416693 451122 451123 451124 451125 451126 451127
20200722 10:30, gpu2005, 0, 00000000:3B:00.0,44,56,24, kweiher, python, 345106 345435 416396 416691 416692 416693 451122 451123 451124 451125 451126 451127
20200722 10:30, gpu2005, 1, 00000000:AF:00.0,33,0,0, kweiher, python, 345106 345435 416396 416691 416692 416693 451122 451123 451124 451125 451126 451127
20200722 10:30, gpu2005, 2, 00000000:D8:00.0,33,0,0, kweiher, python, 345106 345435 416396 416691 416692 416693 451122 451123 451124 451125 451126 451127
20200722 10:35, gpu2005, 0, 00000000:3B:00.0,55,99,46, kweiher, python, 345106 345435 416396 416691 416692 416693 454658 454659 454660 454661 454662 454663
20200722 10:35, gpu2005, 1, 00000000:AF:00.0,33,0,0, kweiher, python, 345106 345435 416396 416691 416692 416693 454658 454659 454660 454661 454662 454663
20200722 10:35, gpu2005, 2, 00000000:D8:00.0,33,0,0, kweiher, python, 345106 345435 416396 416691 416692 416693 454658 454659 454660 454661 454662 454663
20200722 10:40, gpu2005, 0, 00000000:3B:00.0,48,0,0, kweiher, python, 345106 345435 416396 416691 416692 416693 454658 454659 454660 454661 454662 454663
20200722 10:40, gpu2005, 1, 00000000:AF:00.0,33,0,0, kweiher, python, 345106 345435 416396 416691 416692 416693 454658 454659 454660 454661 454662 454663
20200722 10:40, gpu2005, 2, 00000000:D8:00.0,33,2,0, kweiher, python, 345106 345435 416396 416691 416692 416693 454658 454659 454660 454661 454662 454663
20200722 10:45, gpu2005, 0, 00000000:3B:00.0,56,99,48, kweiher, python, 1275 1276 1277 1798 2306 2366 345106 345435 416396 416691 416692 416693
20200722 10:45, gpu2005, 1, 00000000:AF:00.0,33,0,0, kweiher, python, 1275 1276 1277 1798 2306 2366 345106 345435 416396 416691 416692 416693
20200722 10:45, gpu2005, 2, 00000000:D8:00.0,33,0,0, kweiher, python, 1275 1276 1277 1798 2306 2366 345106 345435 416396 416691 416692 416693
20200722 10:50, gpu2005, 0, 00000000:3B:00.0,56,98,49, kweiher, python, 1275 1276 1277 1798 2306 2366 345106 345435 416396 416691 416692 416693
20200722 10:50, gpu2005, 1, 00000000:AF:00.0,33,1,0, kweiher, python, 1275 1276 1277 1798 2306 2366 345106 345435 416396 416691 416692 416693
20200722 10:50, gpu2005, 2, 00000000:D8:00.0,33,0,0, kweiher, python, 1275 1276 1277 1798 2306 2366 345106 345435 416396 416691 416692 416693
20200722 10:55, gpu2005, 0, 00000000:3B:00.0,53,99,43, kweiher, python, 6348 6349 6350 6351 6352 6353 345106 345435 416396 416691 416692 416693
20200722 10:55, gpu2005, 1, 00000000:AF:00.0,33,0,0, kweiher, python, 6348 6349 6350 6351 6352 6353 345106 345435 416396 416691 416692 416693
20200722 10:55, gpu2005, 2, 00000000:D8:00.0,33,0,0, kweiher, python, 6348 6349 6350 6351 6352 6353 345106 345435 416396 416691 416692 416693
20200722 11:00, gpu2005, 0, 00000000:3B:00.0,57,97,49, kweiher, python, 6348 6349 6350 6351 6352 6353 345106 345435 416396 416691 416692 416693
20200722 11:00, gpu2005, 1, 00000000:AF:00.0,32,0,0, kweiher, python, 6348 6349 6350 6351 6352 6353 345106 345435 416396 416691 416692 416693
20200722 11:00, gpu2005, 2, 00000000:D8:00.0,33,1,0, kweiher, python, 6348 6349 6350 6351 6352 6353 345106 345435 416396 416691 416692 416693
20200722 11:05, gpu2005, 0, 00000000:3B:00.0,57,97,49, kweiher, python, 6348 6349 6350 6351 6352 6353 345106 345435 416396 416691 416692 416693
20200722 11:05, gpu2005, 1, 00000000:AF:00.0,33,1,0, kweiher, python, 6348 6349 6350 6351 6352 6353 345106 345435 416396 416691 416692 416693
20200722 11:05, gpu2005, 2, 00000000:D8:00.0,33,0,0, kweiher, python, 6348 6349 6350 6351 6352 6353 345106 345435 416396 416691 416692 416693
20200722 11:10, gpu2005, 0, 00000000:3B:00.0,56,98,38, kweiher, python, 8414 8415 8416 8417 8418 8419 345106 345435 416396 416691 416692 416693
20200722 11:10, gpu2005, 1, 00000000:AF:00.0,33,0,0, kweiher, python, 8414 8415 8416 8417 8418 8419 345106 345435 416396 416691 416692 416693
20200722 11:10, gpu2005, 2, 00000000:D8:00.0,33,0,0, kweiher, python, 8414 8415 8416 8417 8418 8419 345106 345435 416396 416691 416692 416693
20200722 11:15, gpu2005, 0, 00000000:3B:00.0,55,98,45, kweiher, python, 8414 8415 8416 8417 8418 8419 345106 345435 416396 416691 416692 416693
20200722 11:15, gpu2005, 1, 00000000:AF:00.0,33,1,0, kweiher, python, 8414 8415 8416 8417 8418 8419 345106 345435 416396 416691 416692 416693
20200722 11:15, gpu2005, 2, 00000000:D8:00.0,33,0,0, kweiher, python, 8414 8415 8416 8417 8418 8419 345106 345435 416396 416691 416692 416693
20200722 11:20, gpu2005, 0, 00000000:3B:00.0,57,97,48, kweiher, python, 12232 12233 12234 12235 12236 12237 345106 345435 416396 416691 416692 416693
20200722 11:20, gpu2005, 1, 00000000:AF:00.0,33,0,0, kweiher, python, 12232 12233 12234 12235 12236 12237 345106 345435 416396 416691 416692 416693
20200722 11:20, gpu2005, 2, 00000000:D8:00.0,33,1,0, kweiher, python, 12232 12233 12234 12235 12236 12237 345106 345435 416396 416691 416692 416693
20200722 11:25, gpu2005, 0, 00000000:3B:00.0,53,27,14, kweiher, python, 12232 12233 12234 12235 12236 12237 345106 345435 416396 416691 416692 416693
20200722 11:25, gpu2005, 1, 00000000:AF:00.0,33,1,0, kweiher, python, 12232 12233 12234 12235 12236 12237 345106 345435 416396 416691 416692 416693
20200722 11:25, gpu2005, 2, 00000000:D8:00.0,33,0,0, kweiher, python, 12232 12233 12234 12235 12236 12237 345106 345435 416396 416691 416692 416693
20200722 11:30, gpu2005, 0, 00000000:3B:00.0,45,5,0, kweiher, python, 345106 345435 416396 416691 416692 416693
20200722 11:30, gpu2005, 1, 00000000:AF:00.0,33,1,0, kweiher, python, 345106 345435 416396 416691 416692 416693
20200722 11:30, gpu2005, 2, 00000000:D8:00.0,33,0,0, kweiher, python, 345106 345435 416396 416691 416692 416693
20200722 11:35, gpu2005, 0, 00000000:3B:00.0,33,3,0, sabramowitz, python3, 416396 416691 416692 416693
20200722 11:35, gpu2005, 1, 00000000:AF:00.0,33,1,0, sabramowitz, python3, 416396 416691 416692 416693
20200722 11:35, gpu2005, 2, 00000000:D8:00.0,33,0,0, sabramowitz, python3, 416396 416691 416692 416693
20200722 11:40, gpu2005, 0, 00000000:3B:00.0,34,1,0, sabramowitz, python3, 416396 416691 416692 416693
20200722 11:40, gpu2005, 1, 00000000:AF:00.0,33,0,0, sabramowitz, python3, 416396 416691 416692 416693
20200722 11:40, gpu2005, 2, 00000000:D8:00.0,33,0,0, sabramowitz, python3, 416396 416691 416692 416693
20200722 11:45, gpu2005, 0, 00000000:3B:00.0,34,2,0, sabramowitz, python3, 416396 416691 416692 416693
20200722 11:45, gpu2005, 1, 00000000:AF:00.0,33,1,0, sabramowitz, python3, 416396 416691 416692 416693
20200722 11:45, gpu2005, 2, 00000000:D8:00.0,33,3,0, sabramowitz, python3, 416396 416691 416692 416693
20200722 11:50, gpu2005, 0, 00000000:3B:00.0,34,1,0, sabramowitz, python3, 416396 416691 416692 416693
20200722 11:50, gpu2005, 1, 00000000:AF:00.0,33,0,0, sabramowitz, python3, 416396 416691 416692 416693
20200722 11:50, gpu2005, 2, 00000000:D8:00.0,33,3,0, sabramowitz, python3, 416396 416691 416692 416693
20200722 11:55, gpu2005, 0, 00000000:3B:00.0,34,2,0, sabramowitz, python3, 416396 416691 416692 416693
20200722 11:55, gpu2005, 1, 00000000:AF:00.0,33,0,0, sabramowitz, python3, 416396 416691 416692 416693
20200722 11:55, gpu2005, 2, 00000000:D8:00.0,33,0,0, sabramowitz, python3, 416396 416691 416692 416693
20200722 12:00, gpu2005, 0, 00000000:3B:00.0,33,1,0, sabramowitz, python3, 416396 416691 416692 416693
20200722 12:00, gpu2005, 1, 00000000:AF:00.0,33,0,0, sabramowitz, python3, 416396 416691 416692 416693
20200722 12:00, gpu2005, 2, 00000000:D8:00.0,33,0,0, sabramowitz, python3, 416396 416691 416692 416693
20200722 12:05, gpu2005, 0, 00000000:3B:00.0,34,1,0, sabramowitz, python3, 416396 416691 416692 416693
20200722 12:05, gpu2005, 1, 00000000:AF:00.0,33,0,0, sabramowitz, python3, 416396 416691 416692 416693
20200722 12:05, gpu2005, 2, 00000000:D8:00.0,33,0,0, sabramowitz, python3, 416396 416691 416692 416693
20200722 12:10, gpu2005, 0, 00000000:3B:00.0,34,0,0, sabramowitz, python3, 416396 416691 416692 416693
20200722 12:10, gpu2005, 1, 00000000:AF:00.0,33,0,0, sabramowitz, python3, 416396 416691 416692 416693
20200722 12:10, gpu2005, 2, 00000000:D8:00.0,33,0,0, sabramowitz, python3, 416396 416691 416692 416693
20200722 12:15, gpu2005, 0, 00000000:3B:00.0,34,0,0, sabramowitz, python3, 416396 416691 416692 416693
20200722 12:15, gpu2005, 1, 00000000:AF:00.0,33,1,0, sabramowitz, python3, 416396 416691 416692 416693
20200722 12:15, gpu2005, 2, 00000000:D8:00.0,33,0,0, sabramowitz, python3, 416396 416691 416692 416693
20200722 12:20, gpu2005, 0, 00000000:3B:00.0,33,1,0, sabramowitz, python3, 416396 416691 416692 416693
20200722 12:20, gpu2005, 1, 00000000:AF:00.0,32,0,0, sabramowitz, python3, 416396 416691 416692 416693
20200722 12:20, gpu2005, 2, 00000000:D8:00.0,33,0,0, sabramowitz, python3, 416396 416691 416692 416693
20200722 12:25, gpu2005, 0, 00000000:3B:00.0,33,1,0, sabramowitz, python3, 416396 416691 416692 416693
20200722 12:25, gpu2005, 1, 00000000:AF:00.0,33,0,0, sabramowitz, python3, 416396 416691 416692 416693
20200722 12:25, gpu2005, 2, 00000000:D8:00.0,33,2,0, sabramowitz, python3, 416396 416691 416692 416693
20200722 12:30, gpu2005, 0, 00000000:3B:00.0,34,1,0, sabramowitz, python3, 416396 416691 416692 416693
20200722 12:30, gpu2005, 1, 00000000:AF:00.0,33,1,0, sabramowitz, python3, 416396 416691 416692 416693
20200722 12:30, gpu2005, 2, 00000000:D8:00.0,33,0,0, sabramowitz, python3, 416396 416691 416692 416693
20200722 12:35, gpu2005, 0, 00000000:3B:00.0,33,4,1, sabramowitz, python3, 416396 416691 416692 416693
20200722 12:35, gpu2005, 1, 00000000:AF:00.0,33,1,0, sabramowitz, python3, 416396 416691 416692 416693
20200722 12:35, gpu2005, 2, 00000000:D8:00.0,33,0,0, sabramowitz, python3, 416396 416691 416692 416693
20200722 12:40, gpu2005, 0, 00000000:3B:00.0,34,4,0, sabramowitz, python3, 416396 416691 416692 416693
20200722 12:40, gpu2005, 1, 00000000:AF:00.0,33,1,0, sabramowitz, python3, 416396 416691 416692 416693
20200722 12:40, gpu2005, 2, 00000000:D8:00.0,33,0,0, sabramowitz, python3, 416396 416691 416692 416693
20200722 12:45, gpu2005, 0, 00000000:3B:00.0,33,0,0, sabramowitz, python3, 416396 416691 416692 416693
20200722 12:45, gpu2005, 1, 00000000:AF:00.0,33,0,0, sabramowitz, python3, 416396 416691 416692 416693
20200722 12:45, gpu2005, 2, 00000000:D8:00.0,33,4,1, sabramowitz, python3, 416396 416691 416692 416693
20200722 12:50, gpu2005, 0, 00000000:3B:00.0,33,0,0, sabramowitz, python3, 416396 416691 416692 416693
20200722 12:50, gpu2005, 1, 00000000:AF:00.0,32,1,0, sabramowitz, python3, 416396 416691 416692 416693
20200722 12:50, gpu2005, 2, 00000000:D8:00.0,33,0,0, sabramowitz, python3, 416396 416691 416692 416693
20200722 12:55, gpu2005, 0, 00000000:3B:00.0,33,0,0, sabramowitz, python3, 416396 416691 416692 416693
20200722 12:55, gpu2005, 1, 00000000:AF:00.0,32,0,0, sabramowitz, python3, 416396 416691 416692 416693
20200722 12:55, gpu2005, 2, 00000000:D8:00.0,33,0,0, sabramowitz, python3, 416396 416691 416692 416693
20200722 13:00, gpu2005, 0, 00000000:3B:00.0,34,3,0, sabramowitz, python3, 416396 416691 416692 416693
20200722 13:00, gpu2005, 1, 00000000:AF:00.0,33,0,0, sabramowitz, python3, 416396 416691 416692 416693
20200722 13:00, gpu2005, 2, 00000000:D8:00.0,33,0,0, sabramowitz, python3, 416396 416691 416692 416693
20200722 13:05, gpu2005, 0, 00000000:3B:00.0,33,4,0, sabramowitz, python3, 416396 416691 416692 416693
20200722 13:05, gpu2005, 1, 00000000:AF:00.0,33,0,0, sabramowitz, python3, 416396 416691 416692 416693
20200722 13:05, gpu2005, 2, 00000000:D8:00.0,33,1,0, sabramowitz, python3, 416396 416691 416692 416693
20200722 13:10, gpu2005, 0, 00000000:3B:00.0,33,4,1, sabramowitz, python3, 416396 416691 416692 416693
20200722 13:10, gpu2005, 1, 00000000:AF:00.0,33,0,0, sabramowitz, python3, 416396 416691 416692 416693
20200722 13:10, gpu2005, 2, 00000000:D8:00.0,33,0,0, sabramowitz, python3, 416396 416691 416692 416693
20200722 13:15, gpu2005, 0, 00000000:3B:00.0,33,2,0, sabramowitz, python3, 416396 416691 416692 416693
20200722 13:15, gpu2005, 1, 00000000:AF:00.0,32,0,0, sabramowitz, python3, 416396 416691 416692 416693
20200722 13:15, gpu2005, 2, 00000000:D8:00.0,33,2,0, sabramowitz, python3, 416396 416691 416692 416693
20200722 13:20, gpu2005, 0, 00000000:3B:00.0,33,2,0, sabramowitz, python3, 416396 416691 416692 416693
20200722 13:20, gpu2005, 1, 00000000:AF:00.0,33,0,0, sabramowitz, python3, 416396 416691 416692 416693
20200722 13:20, gpu2005, 2, 00000000:D8:00.0,33,4,1, sabramowitz, python3, 416396 416691 416692 416693
20200722 13:25, gpu2005, 0, 00000000:3B:00.0,33,0,0, sabramowitz, python3, 416396 416691 416692 416693
20200722 13:25, gpu2005, 1, 00000000:AF:00.0,32,0,0, sabramowitz, python3, 416396 416691 416692 416693
20200722 13:25, gpu2005, 2, 00000000:D8:00.0,33,2,0, sabramowitz, python3, 416396 416691 416692 416693
20200722 13:30, gpu2005, 0, 00000000:3B:00.0,33,1,0, sabramowitz, python3, 416396 416691 416692 416693
20200722 13:30, gpu2005, 1, 00000000:AF:00.0,33,1,0, sabramowitz, python3, 416396 416691 416692 416693
20200722 13:30, gpu2005, 2, 00000000:D8:00.0,33,3,1, sabramowitz, python3, 416396 416691 416692 416693
20200722 13:35, gpu2005, 0, 00000000:3B:00.0,34,1,0, sabramowitz, python3, 416396 416691 416692 416693
20200722 13:35, gpu2005, 1, 00000000:AF:00.0,33,0,0, sabramowitz, python3, 416396 416691 416692 416693
20200722 13:35, gpu2005, 2, 00000000:D8:00.0,33,0,0, sabramowitz, python3, 416396 416691 416692 416693
20200722 13:40, gpu2005, 0, 00000000:3B:00.0,34,1,0, sabramowitz, python3, 416396 416691 416692 416693
20200722 13:40, gpu2005, 1, 00000000:AF:00.0,33,0,0, sabramowitz, python3, 416396 416691 416692 416693
20200722 13:40, gpu2005, 2, 00000000:D8:00.0,33,0,0, sabramowitz, python3, 416396 416691 416692 416693
20200722 13:45, gpu2005, 0, 00000000:3B:00.0,34,4,0, sabramowitz, python3, 416396 416691 416692 416693
20200722 13:45, gpu2005, 1, 00000000:AF:00.0,33,1,0, sabramowitz, python3, 416396 416691 416692 416693
20200722 13:45, gpu2005, 2, 00000000:D8:00.0,33,1,0, sabramowitz, python3, 416396 416691 416692 416693
20200722 13:50, gpu2005, 0, 00000000:3B:00.0,34,4,0, sabramowitz, python3, 416396 416691 416692 416693
20200722 13:50, gpu2005, 1, 00000000:AF:00.0,33,0,0, sabramowitz, python3, 416396 416691 416692 416693
20200722 13:50, gpu2005, 2, 00000000:D8:00.0,33,3,1, sabramowitz, python3, 416396 416691 416692 416693
20200722 13:55, gpu2005, 0, 00000000:3B:00.0,34,3,0, sabramowitz, python3, 416396 416691 416692 416693
20200722 13:55, gpu2005, 1, 00000000:AF:00.0,33,0,0, sabramowitz, python3, 416396 416691 416692 416693
20200722 13:55, gpu2005, 2, 00000000:D8:00.0,33,3,0, sabramowitz, python3, 416396 416691 416692 416693
20200722 14:00, gpu2005, 0, 00000000:3B:00.0,33,1,0, sabramowitz, python3, 416396 416691 416692 416693
20200722 14:00, gpu2005, 1, 00000000:AF:00.0,33,1,0, sabramowitz, python3, 416396 416691 416692 416693
20200722 14:00, gpu2005, 2, 00000000:D8:00.0,33,0,0, sabramowitz, python3, 416396 416691 416692 416693
20200722 14:05, gpu2005, 0, 00000000:3B:00.0,34,0,0, sabramowitz, python3, 416396 416691 416692 416693
20200722 14:05, gpu2005, 1, 00000000:AF:00.0,33,0,0, sabramowitz, python3, 416396 416691 416692 416693
20200722 14:05, gpu2005, 2, 00000000:D8:00.0,33,0,0, sabramowitz, python3, 416396 416691 416692 416693
20200722 14:10, gpu2005, 0, 00000000:3B:00.0,34,1,0, sabramowitz, python3, 416396 416691 416692 416693
20200722 14:10, gpu2005, 1, 00000000:AF:00.0,33,0,0, sabramowitz, python3, 416396 416691 416692 416693
20200722 14:10, gpu2005, 2, 00000000:D8:00.0,33,0,0, sabramowitz, python3, 416396 416691 416692 416693
20200722 14:15, gpu2005, 0, 00000000:3B:00.0,33,1,0, sabramowitz, python3, 416396 416691 416692 416693
20200722 14:15, gpu2005, 1, 00000000:AF:00.0,33,0,0, sabramowitz, python3, 416396 416691 416692 416693
20200722 14:15, gpu2005, 2, 00000000:D8:00.0,33,3,0, sabramowitz, python3, 416396 416691 416692 416693
20200722 14:20, gpu2005, 0, 00000000:3B:00.0,34,0,0, sabramowitz, python3, 416396 416691 416692 416693
20200722 14:20, gpu2005, 1, 00000000:AF:00.0,33,1,0, sabramowitz, python3, 416396 416691 416692 416693
20200722 14:20, gpu2005, 2, 00000000:D8:00.0,33,0,0, sabramowitz, python3, 416396 416691 416692 416693
20200722 14:25, gpu2005, 0, 00000000:3B:00.0,34,3,0, sabramowitz, python3, 416396 416691 416692 416693
20200722 14:25, gpu2005, 1, 00000000:AF:00.0,33,1,0, sabramowitz, python3, 416396 416691 416692 416693
20200722 14:25, gpu2005, 2, 00000000:D8:00.0,33,0,0, sabramowitz, python3, 416396 416691 416692 416693
20200722 14:30, gpu2005, 0, 00000000:3B:00.0,34,4,0, sabramowitz, python3, 416396 416691 416692 416693
20200722 14:30, gpu2005, 1, 00000000:AF:00.0,33,0,0, sabramowitz, python3, 416396 416691 416692 416693
20200722 14:30, gpu2005, 2, 00000000:D8:00.0,33,0,0, sabramowitz, python3, 416396 416691 416692 416693
20200722 14:35, gpu2005, 0, 00000000:3B:00.0,34,3,0, sabramowitz, python3, 416396 416691 416692 416693
20200722 14:35, gpu2005, 1, 00000000:AF:00.0,33,0,0, sabramowitz, python3, 416396 416691 416692 416693
20200722 14:35, gpu2005, 2, 00000000:D8:00.0,33,1,0, sabramowitz, python3, 416396 416691 416692 416693
20200722 14:40, gpu2005, 0, 00000000:3B:00.0,33,4,0, sabramowitz, python3, 416396 416691 416692 416693
20200722 14:40, gpu2005, 1, 00000000:AF:00.0,33,0,0, sabramowitz, python3, 416396 416691 416692 416693
20200722 14:40, gpu2005, 2, 00000000:D8:00.0,33,3,0, sabramowitz, python3, 416396 416691 416692 416693
20200722 14:45, gpu2005, 0, 00000000:3B:00.0,33,3,0, sabramowitz, python3, 416396 416691 416692 416693
20200722 14:45, gpu2005, 1, 00000000:AF:00.0,32,0,0, sabramowitz, python3, 416396 416691 416692 416693
20200722 14:45, gpu2005, 2, 00000000:D8:00.0,33,0,0, sabramowitz, python3, 416396 416691 416692 416693
20200722 14:50, gpu2005, 0, 00000000:3B:00.0,34,1,0, sabramowitz, python3, 416396 416691 416692 416693
20200722 14:50, gpu2005, 1, 00000000:AF:00.0,33,0,0, sabramowitz, python3, 416396 416691 416692 416693
20200722 14:50, gpu2005, 2, 00000000:D8:00.0,33,0,0, sabramowitz, python3, 416396 416691 416692 416693
20200722 14:55, gpu2005, 0, 00000000:3B:00.0,34,1,0, sabramowitz, python3, 416396 416691 416692 416693
20200722 14:55, gpu2005, 1, 00000000:AF:00.0,33,0,0, sabramowitz, python3, 416396 416691 416692 416693
20200722 14:55, gpu2005, 2, 00000000:D8:00.0,33,1,0, sabramowitz, python3, 416396 416691 416692 416693
20200722 15:00, gpu2005, 0, 00000000:3B:00.0,34,1,0, sabramowitz, python3, 416396 416691 416692 416693
20200722 15:00, gpu2005, 1, 00000000:AF:00.0,33,0,0, sabramowitz, python3, 416396 416691 416692 416693
20200722 15:00, gpu2005, 2, 00000000:D8:00.0,33,0,0, sabramowitz, python3, 416396 416691 416692 416693
20200722 15:05, gpu2005, 0, 00000000:3B:00.0,33,3,0, sabramowitz, python3, 416396 416691 416692 416693
20200722 15:05, gpu2005, 1, 00000000:AF:00.0,33,1,0, sabramowitz, python3, 416396 416691 416692 416693
20200722 15:05, gpu2005, 2, 00000000:D8:00.0,33,4,1, sabramowitz, python3, 416396 416691 416692 416693
20200722 15:10, gpu2005, 0, 00000000:3B:00.0,34,0,0, sabramowitz, python3, 416396 416691 416692 416693
20200722 15:10, gpu2005, 1, 00000000:AF:00.0,33,1,0, sabramowitz, python3, 416396 416691 416692 416693
20200722 15:10, gpu2005, 2, 00000000:D8:00.0,34,1,0, sabramowitz, python3, 416396 416691 416692 416693
20200722 15:15, gpu2005, 0, 00000000:3B:00.0,34,2,0, sabramowitz, python3, 416396 416691 416692 416693
20200722 15:15, gpu2005, 1, 00000000:AF:00.0,33,0,0, sabramowitz, python3, 416396 416691 416692 416693
20200722 15:15, gpu2005, 2, 00000000:D8:00.0,33,3,1, sabramowitz, python3, 416396 416691 416692 416693
20200722 15:20, gpu2005, 0, 00000000:3B:00.0,34,4,0, sabramowitz, python3, 416396 416691 416692 416693
20200722 15:20, gpu2005, 1, 00000000:AF:00.0,33,1,0, sabramowitz, python3, 416396 416691 416692 416693
20200722 15:20, gpu2005, 2, 00000000:D8:00.0,34,0,0, sabramowitz, python3, 416396 416691 416692 416693
20200722 15:25, gpu2005, 0, 00000000:3B:00.0,33,0,0, sabramowitz, python3, 416396 416691 416692 416693
20200722 15:25, gpu2005, 1, 00000000:AF:00.0,33,0,0, sabramowitz, python3, 416396 416691 416692 416693
20200722 15:25, gpu2005, 2, 00000000:D8:00.0,33,0,0, sabramowitz, python3, 416396 416691 416692 416693
20200722 15:30, gpu2005, 0, 00000000:3B:00.0,32,0,0, null, null, null
20200722 15:30, gpu2005, 1, 00000000:AF:00.0,32,0,0, null, null, null
20200722 15:30, gpu2005, 2, 00000000:D8:00.0,32,0,0, null, null, null
20200722 15:35, gpu2005, 0, 00000000:3B:00.0,44,88,34, evanderwesthuizen, nnet3-chain-train, 112324 112328
20200722 15:35, gpu2005, 1, 00000000:AF:00.0,41,68,22, evanderwesthuizen, nnet3-chain-train, 112324 112328
20200722 15:35, gpu2005, 2, 00000000:D8:00.0,31,0,0, null, null, null
20200722 15:40, gpu2005, 0, 00000000:3B:00.0,46,100,61, evanderwesthuizen, nnet3-chain-train, 117427 117430
20200722 15:40, gpu2005, 1, 00000000:AF:00.0,31,0,0, evanderwesthuizen, nnet3-chain-train, 117427 117430
20200722 15:40, gpu2005, 2, 00000000:D8:00.0,35,43,6, nwilkinson, python, 116289
20200722 15:45, gpu2005, 0, 00000000:3B:00.0,37,0,0, null, null, null
20200722 15:45, gpu2005, 1, 00000000:AF:00.0,31,0,0, null, null, null
20200722 15:45, gpu2005, 2, 00000000:D8:00.0,34,34,4, nwilkinson, python, 116289
20200722 15:50, gpu2005, 0, 00000000:3B:00.0,46,99,54, evanderwesthuizen, nnet3-chain-train, 122901 122903
20200722 15:50, gpu2005, 1, 00000000:AF:00.0,31,0,0, evanderwesthuizen, nnet3-chain-train, 122901 122903
20200722 15:50, gpu2005, 2, 00000000:D8:00.0,35,44,6, nwilkinson, python, 116289
20200722 15:55, gpu2005, 0, 00000000:3B:00.0,47,99,54, evanderwesthuizen, nnet3-chain-train, 126319 126320
20200722 15:55, gpu2005, 1, 00000000:AF:00.0,31,0,0, evanderwesthuizen, nnet3-chain-train, 126319 126320
20200722 15:55, gpu2005, 2, 00000000:D8:00.0,35,43,6, nwilkinson, python, 116289
20200722 16:00, gpu2005, 0, 00000000:3B:00.0,46,98,37, evanderwesthuizen, nnet3-chain-train, 131323 131325
20200722 16:00, gpu2005, 1, 00000000:AF:00.0,31,0,0, evanderwesthuizen, nnet3-chain-train, 131323 131325
20200722 16:00, gpu2005, 2, 00000000:D8:00.0,35,42,7, nwilkinson, python, 116289
20200722 16:05, gpu2005, 0, 00000000:3B:00.0,44,82,34, evanderwesthuizen, nnet3-chain-train, 134814 134868
20200722 16:05, gpu2005, 1, 00000000:AF:00.0,41,73,25, evanderwesthuizen, nnet3-chain-train, 134814 134868
20200722 16:05, gpu2005, 2, 00000000:D8:00.0,35,39,7, nwilkinson, python, 116289
20200722 16:10, gpu2005, 0, 00000000:3B:00.0,44,86,32, evanderwesthuizen, nnet3-chain-train, 139773 139776
20200722 16:10, gpu2005, 1, 00000000:AF:00.0,42,87,38, evanderwesthuizen, nnet3-chain-train, 139773 139776
20200722 16:10, gpu2005, 2, 00000000:D8:00.0,35,41,6, nwilkinson, python, 116289
20200722 16:15, gpu2005, 0, 00000000:3B:00.0,47,99,55, evanderwesthuizen, nnet3-chain-train, 143136 143138
20200722 16:15, gpu2005, 1, 00000000:AF:00.0,31,0,0, evanderwesthuizen, nnet3-chain-train, 143136 143138
20200722 16:15, gpu2005, 2, 00000000:D8:00.0,35,44,6, nwilkinson, python, 116289
20200722 16:20, gpu2005, 0, 00000000:3B:00.0,44,93,46, evanderwesthuizen, nnet3-chain-train, 146622 146625
20200722 16:20, gpu2005, 1, 00000000:AF:00.0,41,94,52, evanderwesthuizen, nnet3-chain-train, 146622 146625
20200722 16:20, gpu2005, 2, 00000000:D8:00.0,35,43,7, nwilkinson, python, 116289
20200722 16:25, gpu2005, 0, 00000000:3B:00.0,44,100,56, evanderwesthuizen, nnet3-chain-train, 151615 151617
20200722 16:25, gpu2005, 1, 00000000:AF:00.0,36,0,0, evanderwesthuizen, nnet3-chain-train, 151615 151617
20200722 16:25, gpu2005, 2, 00000000:D8:00.0,35,40,7, nwilkinson, python, 116289
20200722 16:30, gpu2005, 0, 00000000:3B:00.0,44,95,55, evanderwesthuizen, nnet3-chain-train, 154966 154967
20200722 16:30, gpu2005, 1, 00000000:AF:00.0,42,93,51, evanderwesthuizen, nnet3-chain-train, 154966 154967
20200722 16:30, gpu2005, 2, 00000000:D8:00.0,35,39,6, nwilkinson, python, 116289
20200722 16:35, gpu2005, 0, 00000000:3B:00.0,40,66,21, evanderwesthuizen, nnet3-chain-train, 159990 159992
20200722 16:35, gpu2005, 1, 00000000:AF:00.0,43,94,47, evanderwesthuizen, nnet3-chain-train, 159990 159992
20200722 16:35, gpu2005, 2, 00000000:D8:00.0,35,37,5, nwilkinson, python, 116289
20200722 16:40, gpu2005, 0, 00000000:3B:00.0,44,84,32, evanderwesthuizen, nnet3-chain-train, 163384 163385
20200722 16:40, gpu2005, 1, 00000000:AF:00.0,42,94,52, evanderwesthuizen, nnet3-chain-train, 163384 163385
20200722 16:40, gpu2005, 2, 00000000:D8:00.0,35,43,5, nwilkinson, python, 116289
20200722 16:45, gpu2005, 0, 00000000:3B:00.0,43,74,24, evanderwesthuizen, nnet3-chain-train, 168308 168309
20200722 16:45, gpu2005, 1, 00000000:AF:00.0,42,69,23, evanderwesthuizen, nnet3-chain-train, 168308 168309
20200722 16:45, gpu2005, 2, 00000000:D8:00.0,35,42,6, nwilkinson, python, 116289
20200722 16:50, gpu2005, 0, 00000000:3B:00.0,46,93,29, evanderwesthuizen, nnet3-chain-train, 173252 173254
20200722 16:50, gpu2005, 1, 00000000:AF:00.0,32,0,0, evanderwesthuizen, nnet3-chain-train, 173252 173254
20200722 16:50, gpu2005, 2, 00000000:D8:00.0,35,41,7, nwilkinson, python, 116289
20200722 16:55, gpu2005, 0, 00000000:3B:00.0,43,63,20, evanderwesthuizen, nnet3-chain-train, 178290 178293
20200722 16:55, gpu2005, 1, 00000000:AF:00.0,42,91,48, evanderwesthuizen, nnet3-chain-train, 178290 178293
20200722 16:55, gpu2005, 2, 00000000:D8:00.0,35,40,5, nwilkinson, python, 116289
20200722 17:00, gpu2005, 0, 00000000:3B:00.0,32,0,0, evanderwesthuizen, nnet3-chain-train, 181608 181611
20200722 17:00, gpu2005, 1, 00000000:AF:00.0,45,99,44, evanderwesthuizen, nnet3-chain-train, 181608 181611
20200722 17:00, gpu2005, 2, 00000000:D8:00.0,35,40,5, nwilkinson, python, 116289
20200722 17:05, gpu2005, 0, 00000000:3B:00.0,46,99,54, evanderwesthuizen, nnet3-chain-train, 186658 186659
20200722 17:05, gpu2005, 1, 00000000:AF:00.0,32,0,0, evanderwesthuizen, nnet3-chain-train, 186658 186659
20200722 17:05, gpu2005, 2, 00000000:D8:00.0,35,43,5, nwilkinson, python, 116289
20200722 17:10, gpu2005, 0, 00000000:3B:00.0,43,76,31, evanderwesthuizen, nnet3-chain-train, 190083 190084
20200722 17:10, gpu2005, 1, 00000000:AF:00.0,42,96,54, evanderwesthuizen, nnet3-chain-train, 190083 190084
20200722 17:10, gpu2005, 2, 00000000:D8:00.0,35,39,6, nwilkinson, python, 116289
20200722 17:15, gpu2005, 0, 00000000:3B:00.0,43,67,22, evanderwesthuizen, nnet3-chain-train, 195066 195068
20200722 17:15, gpu2005, 1, 00000000:AF:00.0,43,94,52, evanderwesthuizen, nnet3-chain-train, 195066 195068
20200722 17:15, gpu2005, 2, 00000000:D8:00.0,35,40,7, nwilkinson, python, 116289
