20200715 00:00, gpu2005, 0, 00000000:3B:00.0,55,100,41, mabdullahi, pmemd.cuda, 314930 320401 320544 324719 324720 324721 324722 324723 324724
20200715 00:00, gpu2005, 1, 00000000:AF:00.0,41,63,9, rlazar, namd2, 297800 320401 320544 324719 324720 324721 324722 324723 324724
20200715 00:00, gpu2005, 2, 00000000:D8:00.0,32,1,0, sabramowitz, python, 295093 295316 320401 320544 324719 324720 324721 324722 324723 324724
20200715 00:05, gpu2005, 0, 00000000:3B:00.0,55,100,45, mabdullahi, pmemd.cuda, 314930 320401 320544 326115 326116 326117 326118 326119 326120
20200715 00:05, gpu2005, 1, 00000000:AF:00.0,41,63,9, rlazar, namd2, 297800 320401 320544 326115 326116 326117 326118 326119 326120
20200715 00:05, gpu2005, 2, 00000000:D8:00.0,32,0,0, sabramowitz, python, 295093 295316 320401 320544 326115 326116 326117 326118 326119 326120
20200715 00:10, gpu2005, 0, 00000000:3B:00.0,55,100,48, mabdullahi, pmemd.cuda, 314930 320401 320544 326115 326116 326117 326118 326119 326120
20200715 00:10, gpu2005, 1, 00000000:AF:00.0,41,62,9, rlazar, namd2, 297800 320401 320544 326115 326116 326117 326118 326119 326120
20200715 00:10, gpu2005, 2, 00000000:D8:00.0,32,0,0, sabramowitz, python, 295093 295316 320401 320544 326115 326116 326117 326118 326119 326120
20200715 00:15, gpu2005, 0, 00000000:3B:00.0,55,93,45, mabdullahi, pmemd.cuda, 314930 320401 320544 326115 326116 326117 326118 326119 326120
20200715 00:15, gpu2005, 1, 00000000:AF:00.0,41,59,9, rlazar, namd2, 297800 320401 320544 326115 326116 326117 326118 326119 326120
20200715 00:15, gpu2005, 2, 00000000:D8:00.0,32,8,1, sabramowitz, python, 295093 295316 320401 320544 326115 326116 326117 326118 326119 326120
20200715 00:20, gpu2005, 0, 00000000:3B:00.0,56,100,47, mabdullahi, pmemd.cuda, 314930 320401 320544 327535 327536 327537 327538 327539 327540
20200715 00:20, gpu2005, 1, 00000000:AF:00.0,42,62,9, rlazar, namd2, 297800 320401 320544 327535 327536 327537 327538 327539 327540
20200715 00:20, gpu2005, 2, 00000000:D8:00.0,33,0,0, sabramowitz, python, 295093 295316 320401 320544 327535 327536 327537 327538 327539 327540
20200715 00:25, gpu2005, 0, 00000000:3B:00.0,55,100,45, mabdullahi, pmemd.cuda, 314930 320401 320544 327535 327536 327537 327538 327539 327540
20200715 00:25, gpu2005, 1, 00000000:AF:00.0,41,61,9, rlazar, namd2, 297800 320401 320544 327535 327536 327537 327538 327539 327540
20200715 00:25, gpu2005, 2, 00000000:D8:00.0,33,1,0, sabramowitz, python, 295093 295316 320401 320544 327535 327536 327537 327538 327539 327540
20200715 00:30, gpu2005, 0, 00000000:3B:00.0,56,100,47, mabdullahi, pmemd.cuda, 314930 320401 320544 327535 327536 327537 327538 327539 327540
20200715 00:30, gpu2005, 1, 00000000:AF:00.0,41,61,9, rlazar, namd2, 297800 320401 320544 327535 327536 327537 327538 327539 327540
20200715 00:30, gpu2005, 2, 00000000:D8:00.0,32,1,0, sabramowitz, python, 295093 295316 320401 320544 327535 327536 327537 327538 327539 327540
20200715 00:35, gpu2005, 0, 00000000:3B:00.0,55,100,44, mabdullahi, pmemd.cuda, 314930 320401 320544 328903 328904 328905 328906 328907 328908
20200715 00:35, gpu2005, 1, 00000000:AF:00.0,41,60,9, rlazar, namd2, 297800 320401 320544 328903 328904 328905 328906 328907 328908
20200715 00:35, gpu2005, 2, 00000000:D8:00.0,33,2,0, sabramowitz, python, 295093 295316 320401 320544 328903 328904 328905 328906 328907 328908
20200715 00:40, gpu2005, 0, 00000000:3B:00.0,56,100,39, mabdullahi, pmemd.cuda, 314930 320401 320544 328903 328904 328905 328906 328907 328908
20200715 00:40, gpu2005, 1, 00000000:AF:00.0,42,62,9, rlazar, namd2, 297800 320401 320544 328903 328904 328905 328906 328907 328908
20200715 00:40, gpu2005, 2, 00000000:D8:00.0,33,8,1, sabramowitz, python, 295093 295316 320401 320544 328903 328904 328905 328906 328907 328908
20200715 00:45, gpu2005, 0, 00000000:3B:00.0,55,100,45, mabdullahi, pmemd.cuda, 314930 320401 320544 328903 328904 328905 328906 328907 328908
20200715 00:45, gpu2005, 1, 00000000:AF:00.0,41,62,9, rlazar, namd2, 297800 320401 320544 328903 328904 328905 328906 328907 328908
20200715 00:45, gpu2005, 2, 00000000:D8:00.0,32,0,0, sabramowitz, python, 295093 295316 320401 320544 328903 328904 328905 328906 328907 328908
20200715 00:50, gpu2005, 0, 00000000:3B:00.0,56,100,46, mabdullahi, pmemd.cuda, 314930 320401 320544 330189 330190 330191 330192 330193 330194
20200715 00:50, gpu2005, 1, 00000000:AF:00.0,41,59,9, rlazar, namd2, 297800 320401 320544 330189 330190 330191 330192 330193 330194
20200715 00:50, gpu2005, 2, 00000000:D8:00.0,33,2,1, sabramowitz, python, 295093 295316 320401 320544 330189 330190 330191 330192 330193 330194
20200715 00:55, gpu2005, 0, 00000000:3B:00.0,56,100,46, mabdullahi, pmemd.cuda, 314930 320401 320544 330189 330190 330191 330192 330193 330194
20200715 00:55, gpu2005, 1, 00000000:AF:00.0,42,62,9, rlazar, namd2, 297800 320401 320544 330189 330190 330191 330192 330193 330194
20200715 00:55, gpu2005, 2, 00000000:D8:00.0,33,8,1, sabramowitz, python, 295093 295316 320401 320544 330189 330190 330191 330192 330193 330194
20200715 01:00, gpu2005, 0, 00000000:3B:00.0,55,99,41, mabdullahi, pmemd.cuda, 314930 320401 320544 330189 330190 330191 330192 330193 330194
20200715 01:00, gpu2005, 1, 00000000:AF:00.0,42,61,9, rlazar, namd2, 297800 320401 320544 330189 330190 330191 330192 330193 330194
20200715 01:00, gpu2005, 2, 00000000:D8:00.0,33,0,0, sabramowitz, python, 295093 295316 320401 320544 330189 330190 330191 330192 330193 330194
20200715 01:05, gpu2005, 0, 00000000:3B:00.0,55,100,49, mabdullahi, pmemd.cuda, 314930 320401 320544 331585 331586 331587 331588 331589 331590
20200715 01:05, gpu2005, 1, 00000000:AF:00.0,41,60,9, rlazar, namd2, 297800 320401 320544 331585 331586 331587 331588 331589 331590
20200715 01:05, gpu2005, 2, 00000000:D8:00.0,32,0,0, sabramowitz, python, 295093 295316 320401 320544 331585 331586 331587 331588 331589 331590
20200715 01:10, gpu2005, 0, 00000000:3B:00.0,55,97,41, mabdullahi, pmemd.cuda, 314930 320401 320544 331585 331586 331587 331588 331589 331590
20200715 01:10, gpu2005, 1, 00000000:AF:00.0,41,59,8, rlazar, namd2, 297800 320401 320544 331585 331586 331587 331588 331589 331590
20200715 01:10, gpu2005, 2, 00000000:D8:00.0,32,0,0, sabramowitz, python, 295093 295316 320401 320544 331585 331586 331587 331588 331589 331590
20200715 01:15, gpu2005, 0, 00000000:3B:00.0,56,100,47, mabdullahi, pmemd.cuda, 314930 320401 320544 331585 331586 331587 331588 331589 331590
20200715 01:15, gpu2005, 1, 00000000:AF:00.0,41,60,8, rlazar, namd2, 297800 320401 320544 331585 331586 331587 331588 331589 331590
20200715 01:15, gpu2005, 2, 00000000:D8:00.0,33,0,0, sabramowitz, python, 295093 295316 320401 320544 331585 331586 331587 331588 331589 331590
20200715 01:20, gpu2005, 0, 00000000:3B:00.0,55,99,39, mabdullahi, pmemd.cuda, 314930 320401 320544 332877 332878 332879 332880 332881 332882
20200715 01:20, gpu2005, 1, 00000000:AF:00.0,41,63,9, rlazar, namd2, 297800 320401 320544 332877 332878 332879 332880 332881 332882
20200715 01:20, gpu2005, 2, 00000000:D8:00.0,32,0,0, sabramowitz, python, 295093 295316 320401 320544 332877 332878 332879 332880 332881 332882
20200715 01:25, gpu2005, 0, 00000000:3B:00.0,56,100,47, mabdullahi, pmemd.cuda, 314930 320401 320544 332877 332878 332879 332880 332881 332882
20200715 01:25, gpu2005, 1, 00000000:AF:00.0,42,63,9, rlazar, namd2, 297800 320401 320544 332877 332878 332879 332880 332881 332882
20200715 01:25, gpu2005, 2, 00000000:D8:00.0,33,0,0, sabramowitz, python, 295093 295316 320401 320544 332877 332878 332879 332880 332881 332882
20200715 01:30, gpu2005, 0, 00000000:3B:00.0,55,100,46, mabdullahi, pmemd.cuda, 314930 320401 320544 332877 332878 332879 332880 332881 332882
20200715 01:30, gpu2005, 1, 00000000:AF:00.0,41,62,9, rlazar, namd2, 297800 320401 320544 332877 332878 332879 332880 332881 332882
20200715 01:30, gpu2005, 2, 00000000:D8:00.0,33,1,0, sabramowitz, python, 295093 295316 320401 320544 332877 332878 332879 332880 332881 332882
20200715 01:35, gpu2005, 0, 00000000:3B:00.0,54,95,37, mabdullahi, pmemd.cuda, 314930 320401 320544 332877 332878 332879 332880 332881 332882
20200715 01:35, gpu2005, 1, 00000000:AF:00.0,40,62,9, rlazar, namd2, 297800 320401 320544 332877 332878 332879 332880 332881 332882
20200715 01:35, gpu2005, 2, 00000000:D8:00.0,31,0,0, sabramowitz, python, 295093 295316 320401 320544 332877 332878 332879 332880 332881 332882
20200715 01:40, gpu2005, 0, 00000000:3B:00.0,54,100,40, mabdullahi, pmemd.cuda, 314930 320401 320544 334322 334323 334324 334325 334326 334327
20200715 01:40, gpu2005, 1, 00000000:AF:00.0,40,62,9, rlazar, namd2, 297800 320401 320544 334322 334323 334324 334325 334326 334327
20200715 01:40, gpu2005, 2, 00000000:D8:00.0,31,0,0, sabramowitz, python, 295093 295316 320401 320544 334322 334323 334324 334325 334326 334327
20200715 01:45, gpu2005, 0, 00000000:3B:00.0,55,100,48, mabdullahi, pmemd.cuda, 314930 320401 320544 334322 334323 334324 334325 334326 334327
20200715 01:45, gpu2005, 1, 00000000:AF:00.0,41,63,9, rlazar, namd2, 297800 320401 320544 334322 334323 334324 334325 334326 334327
20200715 01:45, gpu2005, 2, 00000000:D8:00.0,32,0,0, sabramowitz, python, 295093 295316 320401 320544 334322 334323 334324 334325 334326 334327
20200715 01:50, gpu2005, 0, 00000000:3B:00.0,55,100,41, mabdullahi, pmemd.cuda, 314930 320401 320544 334322 334323 334324 334325 334326 334327
20200715 01:50, gpu2005, 1, 00000000:AF:00.0,42,62,9, rlazar, namd2, 297800 320401 320544 334322 334323 334324 334325 334326 334327
20200715 01:50, gpu2005, 2, 00000000:D8:00.0,33,0,0, sabramowitz, python, 295093 295316 320401 320544 334322 334323 334324 334325 334326 334327
20200715 01:55, gpu2005, 0, 00000000:3B:00.0,56,100,40, mabdullahi, pmemd.cuda, 314930 320401 320544 335622 335624 335625 335626 335627 335628
20200715 01:55, gpu2005, 1, 00000000:AF:00.0,42,62,9, rlazar, namd2, 297800 320401 320544 335622 335624 335625 335626 335627 335628
20200715 01:55, gpu2005, 2, 00000000:D8:00.0,33,0,0, sabramowitz, python, 295093 295316 320401 320544 335622 335624 335625 335626 335627 335628
20200715 02:00, gpu2005, 0, 00000000:3B:00.0,56,100,44, mabdullahi, pmemd.cuda, 314930 320401 320544 335622 335624 335625 335626 335627 335628
20200715 02:00, gpu2005, 1, 00000000:AF:00.0,42,62,9, rlazar, namd2, 297800 320401 320544 335622 335624 335625 335626 335627 335628
20200715 02:00, gpu2005, 2, 00000000:D8:00.0,33,0,0, sabramowitz, python, 295093 295316 320401 320544 335622 335624 335625 335626 335627 335628
20200715 02:05, gpu2005, 0, 00000000:3B:00.0,55,100,46, mabdullahi, pmemd.cuda, 314930 320401 320544 335622 335624 335625 335626 335627 335628
20200715 02:05, gpu2005, 1, 00000000:AF:00.0,41,60,9, rlazar, namd2, 297800 320401 320544 335622 335624 335625 335626 335627 335628
20200715 02:05, gpu2005, 2, 00000000:D8:00.0,33,0,0, sabramowitz, python, 295093 295316 320401 320544 335622 335624 335625 335626 335627 335628
20200715 02:10, gpu2005, 0, 00000000:3B:00.0,55,100,46, mabdullahi, pmemd.cuda, 314930 320401 320544 337225 337226 337227 337228 337229 337231
20200715 02:10, gpu2005, 1, 00000000:AF:00.0,41,63,9, rlazar, namd2, 297800 320401 320544 337225 337226 337227 337228 337229 337231
20200715 02:10, gpu2005, 2, 00000000:D8:00.0,32,0,0, sabramowitz, python, 295093 295316 320401 320544 337225 337226 337227 337228 337229 337231
20200715 02:15, gpu2005, 0, 00000000:3B:00.0,54,100,41, mabdullahi, pmemd.cuda, 314930 320401 320544 337225 337226 337227 337228 337229 337231
20200715 02:15, gpu2005, 1, 00000000:AF:00.0,41,60,8, rlazar, namd2, 297800 320401 320544 337225 337226 337227 337228 337229 337231
20200715 02:15, gpu2005, 2, 00000000:D8:00.0,32,0,0, sabramowitz, python, 295093 295316 320401 320544 337225 337226 337227 337228 337229 337231
20200715 02:20, gpu2005, 0, 00000000:3B:00.0,55,100,41, mabdullahi, pmemd.cuda, 314930 320401 320544 337225 337226 337227 337228 337229 337231
20200715 02:20, gpu2005, 1, 00000000:AF:00.0,42,60,9, rlazar, namd2, 297800 320401 320544 337225 337226 337227 337228 337229 337231
20200715 02:20, gpu2005, 2, 00000000:D8:00.0,33,1,0, sabramowitz, python, 295093 295316 320401 320544 337225 337226 337227 337228 337229 337231
20200715 02:25, gpu2005, 0, 00000000:3B:00.0,55,93,40, mabdullahi, pmemd.cuda, 314930 320401 320544 338512 338513 338514 338515 338516 338517
20200715 02:25, gpu2005, 1, 00000000:AF:00.0,41,61,9, rlazar, namd2, 297800 320401 320544 338512 338513 338514 338515 338516 338517
20200715 02:25, gpu2005, 2, 00000000:D8:00.0,32,0,0, sabramowitz, python, 295093 295316 320401 320544 338512 338513 338514 338515 338516 338517
20200715 02:30, gpu2005, 0, 00000000:3B:00.0,55,100,44, mabdullahi, pmemd.cuda, 314930 320401 320544 338512 338513 338514 338515 338516 338517
20200715 02:30, gpu2005, 1, 00000000:AF:00.0,41,61,9, rlazar, namd2, 297800 320401 320544 338512 338513 338514 338515 338516 338517
20200715 02:30, gpu2005, 2, 00000000:D8:00.0,32,2,0, sabramowitz, python, 295093 295316 320401 320544 338512 338513 338514 338515 338516 338517
20200715 02:35, gpu2005, 0, 00000000:3B:00.0,55,100,40, mabdullahi, pmemd.cuda, 314930 320401 320544 338512 338513 338514 338515 338516 338517
20200715 02:35, gpu2005, 1, 00000000:AF:00.0,41,60,9, rlazar, namd2, 297800 320401 320544 338512 338513 338514 338515 338516 338517
20200715 02:35, gpu2005, 2, 00000000:D8:00.0,33,0,0, sabramowitz, python, 295093 295316 320401 320544 338512 338513 338514 338515 338516 338517
20200715 02:40, gpu2005, 0, 00000000:3B:00.0,56,100,47, mabdullahi, pmemd.cuda, 314930 320401 320544 339865 339866 339867 339869 339870 339871
20200715 02:40, gpu2005, 1, 00000000:AF:00.0,42,64,9, rlazar, namd2, 297800 320401 320544 339865 339866 339867 339869 339870 339871
20200715 02:40, gpu2005, 2, 00000000:D8:00.0,33,7,1, sabramowitz, python, 295093 295316 320401 320544 339865 339866 339867 339869 339870 339871
20200715 02:45, gpu2005, 0, 00000000:3B:00.0,55,100,46, mabdullahi, pmemd.cuda, 314930 320401 320544 339865 339866 339867 339869 339870 339871
20200715 02:45, gpu2005, 1, 00000000:AF:00.0,41,62,9, rlazar, namd2, 297800 320401 320544 339865 339866 339867 339869 339870 339871
20200715 02:45, gpu2005, 2, 00000000:D8:00.0,32,0,0, sabramowitz, python, 295093 295316 320401 320544 339865 339866 339867 339869 339870 339871
20200715 02:50, gpu2005, 0, 00000000:3B:00.0,54,100,47, mabdullahi, pmemd.cuda, 314930 320401 320544 339865 339866 339867 339869 339870 339871
20200715 02:50, gpu2005, 1, 00000000:AF:00.0,40,66,10, rlazar, namd2, 297800 320401 320544 339865 339866 339867 339869 339870 339871
20200715 02:50, gpu2005, 2, 00000000:D8:00.0,31,0,0, sabramowitz, python, 295093 295316 320401 320544 339865 339866 339867 339869 339870 339871
20200715 02:55, gpu2005, 0, 00000000:3B:00.0,54,100,46, mabdullahi, pmemd.cuda, 314930 320401 320544 341158 341159 341160 341161 341162 341163
20200715 02:55, gpu2005, 1, 00000000:AF:00.0,41,61,9, rlazar, namd2, 297800 320401 320544 341158 341159 341160 341161 341162 341163
20200715 02:55, gpu2005, 2, 00000000:D8:00.0,32,0,0, sabramowitz, python, 295093 295316 320401 320544 341158 341159 341160 341161 341162 341163
20200715 03:00, gpu2005, 0, 00000000:3B:00.0,54,100,46, mabdullahi, pmemd.cuda, 314930 320401 320544 341158 341159 341160 341161 341162 341163
20200715 03:00, gpu2005, 1, 00000000:AF:00.0,40,62,9, rlazar, namd2, 297800 320401 320544 341158 341159 341160 341161 341162 341163
20200715 03:00, gpu2005, 2, 00000000:D8:00.0,31,0,0, sabramowitz, python, 295093 295316 320401 320544 341158 341159 341160 341161 341162 341163
20200715 03:05, gpu2005, 0, 00000000:3B:00.0,54,100,41, mabdullahi, pmemd.cuda, 314930 320401 320544 341158 341159 341160 341161 341162 341163
20200715 03:05, gpu2005, 1, 00000000:AF:00.0,41,63,9, rlazar, namd2, 297800 320401 320544 341158 341159 341160 341161 341162 341163
20200715 03:05, gpu2005, 2, 00000000:D8:00.0,31,1,0, sabramowitz, python, 295093 295316 320401 320544 341158 341159 341160 341161 341162 341163
20200715 03:10, gpu2005, 0, 00000000:3B:00.0,55,99,49, mabdullahi, pmemd.cuda, 314930 320401 320544 342534 342535 342536 342537 342538 342539
20200715 03:10, gpu2005, 1, 00000000:AF:00.0,41,62,9, rlazar, namd2, 297800 320401 320544 342534 342535 342536 342537 342538 342539
20200715 03:10, gpu2005, 2, 00000000:D8:00.0,32,0,0, sabramowitz, python, 295093 295316 320401 320544 342534 342535 342536 342537 342538 342539
20200715 03:15, gpu2005, 0, 00000000:3B:00.0,57,100,46, mabdullahi, pmemd.cuda, 314930 320401 320544 342534 342535 342536 342537 342538 342539
20200715 03:15, gpu2005, 1, 00000000:AF:00.0,42,62,9, rlazar, namd2, 297800 320401 320544 342534 342535 342536 342537 342538 342539
20200715 03:15, gpu2005, 2, 00000000:D8:00.0,33,0,0, sabramowitz, python, 295093 295316 320401 320544 342534 342535 342536 342537 342538 342539
20200715 03:20, gpu2005, 0, 00000000:3B:00.0,55,100,40, mabdullahi, pmemd.cuda, 314930 320401 320544 342534 342535 342536 342537 342538 342539
20200715 03:20, gpu2005, 1, 00000000:AF:00.0,41,60,9, rlazar, namd2, 297800 320401 320544 342534 342535 342536 342537 342538 342539
20200715 03:20, gpu2005, 2, 00000000:D8:00.0,33,0,0, sabramowitz, python, 295093 295316 320401 320544 342534 342535 342536 342537 342538 342539
20200715 03:25, gpu2005, 0, 00000000:3B:00.0,55,100,45, mabdullahi, pmemd.cuda, 314930 320401 320544 343825 343826 343827 343828 343829 343830
20200715 03:25, gpu2005, 1, 00000000:AF:00.0,42,64,9, rlazar, namd2, 297800 320401 320544 343825 343826 343827 343828 343829 343830
20200715 03:25, gpu2005, 2, 00000000:D8:00.0,33,0,0, sabramowitz, python, 295093 295316 320401 320544 343825 343826 343827 343828 343829 343830
20200715 03:30, gpu2005, 0, 00000000:3B:00.0,56,100,41, mabdullahi, pmemd.cuda, 314930 320401 320544 343825 343826 343827 343828 343829 343830
20200715 03:30, gpu2005, 1, 00000000:AF:00.0,42,59,9, rlazar, namd2, 297800 320401 320544 343825 343826 343827 343828 343829 343830
20200715 03:30, gpu2005, 2, 00000000:D8:00.0,34,0,0, sabramowitz, python, 295093 295316 320401 320544 343825 343826 343827 343828 343829 343830
20200715 03:35, gpu2005, 0, 00000000:3B:00.0,55,99,36, mabdullahi, pmemd.cuda, 314930 320401 320544 343825 343826 343827 343828 343829 343830
20200715 03:35, gpu2005, 1, 00000000:AF:00.0,42,61,9, rlazar, namd2, 297800 320401 320544 343825 343826 343827 343828 343829 343830
20200715 03:35, gpu2005, 2, 00000000:D8:00.0,33,0,0, sabramowitz, python, 295093 295316 320401 320544 343825 343826 343827 343828 343829 343830
20200715 03:40, gpu2005, 0, 00000000:3B:00.0,51,46,11, mabdullahi, pmemd.cuda, 314930 320401 320544
20200715 03:40, gpu2005, 1, 00000000:AF:00.0,41,62,9, rlazar, namd2, 297800 320401 320544
20200715 03:40, gpu2005, 2, 00000000:D8:00.0,32,0,0, sabramowitz, python, 295093 295316 320401 320544
20200715 03:45, gpu2005, 0, 00000000:3B:00.0,56,100,46, mabdullahi, pmemd.cuda, 314930 320401 320544 345286 345287 345288 345289 345290 345291
20200715 03:45, gpu2005, 1, 00000000:AF:00.0,42,62,9, rlazar, namd2, 297800 320401 320544 345286 345287 345288 345289 345290 345291
20200715 03:45, gpu2005, 2, 00000000:D8:00.0,33,0,0, sabramowitz, python, 295093 295316 320401 320544 345286 345287 345288 345289 345290 345291
20200715 03:50, gpu2005, 0, 00000000:3B:00.0,55,100,47, mabdullahi, pmemd.cuda, 314930 320401 320544 345286 345287 345288 345289 345290 345291
20200715 03:50, gpu2005, 1, 00000000:AF:00.0,41,62,9, rlazar, namd2, 297800 320401 320544 345286 345287 345288 345289 345290 345291
20200715 03:50, gpu2005, 2, 00000000:D8:00.0,32,0,0, sabramowitz, python, 295093 295316 320401 320544 345286 345287 345288 345289 345290 345291
20200715 03:55, gpu2005, 0, 00000000:3B:00.0,56,100,46, mabdullahi, pmemd.cuda, 314930 320401 320544 345286 345287 345288 345289 345290 345291
20200715 03:55, gpu2005, 1, 00000000:AF:00.0,42,63,9, rlazar, namd2, 297800 320401 320544 345286 345287 345288 345289 345290 345291
20200715 03:55, gpu2005, 2, 00000000:D8:00.0,33,0,0, sabramowitz, python, 295093 295316 320401 320544 345286 345287 345288 345289 345290 345291
20200715 04:00, gpu2005, 0, 00000000:3B:00.0,55,100,45, mabdullahi, pmemd.cuda, 314930 320401 320544 346577 346578 346579 346580 346581 346582
20200715 04:00, gpu2005, 1, 00000000:AF:00.0,41,63,9, rlazar, namd2, 297800 320401 320544 346577 346578 346579 346580 346581 346582
20200715 04:00, gpu2005, 2, 00000000:D8:00.0,32,1,0, sabramowitz, python, 295093 295316 320401 320544 346577 346578 346579 346580 346581 346582
20200715 04:05, gpu2005, 0, 00000000:3B:00.0,55,100,45, mabdullahi, pmemd.cuda, 314930 320401 320544 346577 346578 346579 346580 346581 346582
20200715 04:05, gpu2005, 1, 00000000:AF:00.0,41,63,9, rlazar, namd2, 297800 320401 320544 346577 346578 346579 346580 346581 346582
20200715 04:05, gpu2005, 2, 00000000:D8:00.0,32,0,0, sabramowitz, python, 295093 295316 320401 320544 346577 346578 346579 346580 346581 346582
20200715 04:10, gpu2005, 0, 00000000:3B:00.0,55,100,26, mabdullahi, pmemd.cuda, 314930 320401 320544 346577 346578 346579 346580 346581 346582
20200715 04:10, gpu2005, 1, 00000000:AF:00.0,42,61,9, rlazar, namd2, 297800 320401 320544 346577 346578 346579 346580 346581 346582
20200715 04:10, gpu2005, 2, 00000000:D8:00.0,33,0,0, sabramowitz, python, 295093 295316 320401 320544 346577 346578 346579 346580 346581 346582
20200715 04:15, gpu2005, 0, 00000000:3B:00.0,54,97,45, mabdullahi, pmemd.cuda, 314930 320401 320544 347962 347963 347964 347965 347966 347967
20200715 04:15, gpu2005, 1, 00000000:AF:00.0,41,62,9, rlazar, namd2, 297800 320401 320544 347962 347963 347964 347965 347966 347967
20200715 04:15, gpu2005, 2, 00000000:D8:00.0,39,95,16, kweiher, python, 320401 320544 347962 347963 347964 347965 347966 347967 348258
20200715 04:20, gpu2005, 0, 00000000:3B:00.0,55,100,45, mabdullahi, pmemd.cuda, 314930 320401 320544 347962 347963 347964 347965 347966 347967
20200715 04:20, gpu2005, 1, 00000000:AF:00.0,41,63,9, rlazar, namd2, 297800 320401 320544 347962 347963 347964 347965 347966 347967
20200715 04:20, gpu2005, 2, 00000000:D8:00.0,42,49,8, kweiher, python, 320401 320544 347962 347963 347964 347965 347966 347967 348258
20200715 04:25, gpu2005, 0, 00000000:3B:00.0,55,100,40, mabdullahi, pmemd.cuda, 314930 320401 320544 347962 347963 347964 347965 347966 347967
20200715 04:25, gpu2005, 1, 00000000:AF:00.0,42,63,9, rlazar, namd2, 297800 320401 320544 347962 347963 347964 347965 347966 347967
20200715 04:25, gpu2005, 2, 00000000:D8:00.0,43,14,2, kweiher, python, 320401 320544 347962 347963 347964 347965 347966 347967 348258
20200715 04:30, gpu2005, 0, 00000000:3B:00.0,54,78,35, mabdullahi, pmemd.cuda, 314930 320401 320544 349348 349349 349350 349351 349353 349354
20200715 04:30, gpu2005, 1, 00000000:AF:00.0,41,62,9, rlazar, namd2, 297800 320401 320544 349348 349349 349350 349351 349353 349354
20200715 04:30, gpu2005, 2, 00000000:D8:00.0,43,95,16, kweiher, python, 320401 320544 348258 349348 349349 349350 349351 349353 349354
20200715 04:35, gpu2005, 0, 00000000:3B:00.0,56,100,48, mabdullahi, pmemd.cuda, 314930 320401 320544 349348 349349 349350 349351 349353 349354
20200715 04:35, gpu2005, 1, 00000000:AF:00.0,42,62,9, rlazar, namd2, 297800 320401 320544 349348 349349 349350 349351 349353 349354
20200715 04:35, gpu2005, 2, 00000000:D8:00.0,43,22,4, kweiher, python, 320401 320544 348258 349348 349349 349350 349351 349353 349354
20200715 04:40, gpu2005, 0, 00000000:3B:00.0,56,100,40, mabdullahi, pmemd.cuda, 314930 320401 320544 349348 349349 349350 349351 349353 349354
20200715 04:40, gpu2005, 1, 00000000:AF:00.0,42,62,9, rlazar, namd2, 297800 320401 320544 349348 349349 349350 349351 349353 349354
20200715 04:40, gpu2005, 2, 00000000:D8:00.0,44,95,16, kweiher, python, 320401 320544 348258 349348 349349 349350 349351 349353 349354
20200715 04:45, gpu2005, 0, 00000000:3B:00.0,55,100,45, mabdullahi, pmemd.cuda, 314930 320401 320544 350723 350724 350725 350727 350728 350729
20200715 04:45, gpu2005, 1, 00000000:AF:00.0,41,63,9, rlazar, namd2, 297800 320401 320544 350723 350724 350725 350727 350728 350729
20200715 04:45, gpu2005, 2, 00000000:D8:00.0,43,95,16, kweiher, python, 320401 320544 348258 350723 350724 350725 350727 350728 350729
20200715 04:50, gpu2005, 0, 00000000:3B:00.0,55,100,47, mabdullahi, pmemd.cuda, 314930 320401 320544 350723 350724 350725 350727 350728 350729
20200715 04:50, gpu2005, 1, 00000000:AF:00.0,42,63,9, rlazar, namd2, 297800 320401 320544 350723 350724 350725 350727 350728 350729
20200715 04:50, gpu2005, 2, 00000000:D8:00.0,42,0,0, kweiher, python, 320401 320544 348258 350723 350724 350725 350727 350728 350729
20200715 04:55, gpu2005, 0, 00000000:3B:00.0,56,100,46, mabdullahi, pmemd.cuda, 314930 320401 320544 350723 350724 350725 350727 350728 350729
20200715 04:55, gpu2005, 1, 00000000:AF:00.0,42,63,9, rlazar, namd2, 297800 320401 320544 350723 350724 350725 350727 350728 350729
20200715 04:55, gpu2005, 2, 00000000:D8:00.0,44,95,16, kweiher, python, 320401 320544 348258 350723 350724 350725 350727 350728 350729
20200715 05:00, gpu2005, 0, 00000000:3B:00.0,55,100,45, mabdullahi, pmemd.cuda, 314930 320401 320544 352016 352017 352018 352019 352020 352021
20200715 05:00, gpu2005, 1, 00000000:AF:00.0,42,63,9, rlazar, namd2, 297800 320401 320544 352016 352017 352018 352019 352020 352021
20200715 05:00, gpu2005, 2, 00000000:D8:00.0,44,95,16, kweiher, python, 320401 320544 348258 352016 352017 352018 352019 352020 352021
20200715 05:05, gpu2005, 0, 00000000:3B:00.0,55,100,39, mabdullahi, pmemd.cuda, 314930 320401 320544 352016 352017 352018 352019 352020 352021
20200715 05:05, gpu2005, 1, 00000000:AF:00.0,42,62,9, rlazar, namd2, 297800 320401 320544 352016 352017 352018 352019 352020 352021
20200715 05:05, gpu2005, 2, 00000000:D8:00.0,43,74,13, kweiher, python, 320401 320544 348258 352016 352017 352018 352019 352020 352021
20200715 05:10, gpu2005, 0, 00000000:3B:00.0,56,100,43, mabdullahi, pmemd.cuda, 314930 320401 320544 352016 352017 352018 352019 352020 352021
20200715 05:10, gpu2005, 1, 00000000:AF:00.0,42,62,9, rlazar, namd2, 297800 320401 320544 352016 352017 352018 352019 352020 352021
20200715 05:10, gpu2005, 2, 00000000:D8:00.0,42,68,12, kweiher, python, 320401 320544 348258 352016 352017 352018 352019 352020 352021
20200715 05:15, gpu2005, 0, 00000000:3B:00.0,56,100,47, mabdullahi, pmemd.cuda, 314930 320401 320544 353397 353398 353399 353400 353401 353402
20200715 05:15, gpu2005, 1, 00000000:AF:00.0,41,64,9, rlazar, namd2, 297800 320401 320544 353397 353398 353399 353400 353401 353402
20200715 05:15, gpu2005, 2, 00000000:D8:00.0,44,94,16, kweiher, python, 320401 320544 348258 353397 353398 353399 353400 353401 353402
20200715 05:20, gpu2005, 0, 00000000:3B:00.0,55,98,53, mabdullahi, pmemd.cuda, 314930 320401 320544 353397 353398 353399 353400 353401 353402
20200715 05:20, gpu2005, 1, 00000000:AF:00.0,41,61,9, rlazar, namd2, 297800 320401 320544 353397 353398 353399 353400 353401 353402
20200715 05:20, gpu2005, 2, 00000000:D8:00.0,42,95,16, kweiher, python, 320401 320544 348258 353397 353398 353399 353400 353401 353402
20200715 05:25, gpu2005, 0, 00000000:3B:00.0,55,100,44, mabdullahi, pmemd.cuda, 314930 320401 320544 353397 353398 353399 353400 353401 353402
20200715 05:25, gpu2005, 1, 00000000:AF:00.0,42,64,9, rlazar, namd2, 297800 320401 320544 353397 353398 353399 353400 353401 353402
20200715 05:25, gpu2005, 2, 00000000:D8:00.0,43,49,8, kweiher, python, 320401 320544 348258 353397 353398 353399 353400 353401 353402
20200715 05:30, gpu2005, 0, 00000000:3B:00.0,55,100,47, mabdullahi, pmemd.cuda, 314930 320401 320544 354686 354687 354688 354689 354690 354691
20200715 05:30, gpu2005, 1, 00000000:AF:00.0,42,62,9, rlazar, namd2, 297800 320401 320544 354686 354687 354688 354689 354690 354691
20200715 05:30, gpu2005, 2, 00000000:D8:00.0,44,95,16, kweiher, python, 320401 320544 348258 354686 354687 354688 354689 354690 354691
20200715 05:35, gpu2005, 0, 00000000:3B:00.0,56,100,47, mabdullahi, pmemd.cuda, 314930 320401 320544 354686 354687 354688 354689 354690 354691
20200715 05:35, gpu2005, 1, 00000000:AF:00.0,42,64,9, rlazar, namd2, 297800 320401 320544 354686 354687 354688 354689 354690 354691
20200715 05:35, gpu2005, 2, 00000000:D8:00.0,44,95,16, kweiher, python, 320401 320544 348258 354686 354687 354688 354689 354690 354691
20200715 05:40, gpu2005, 0, 00000000:3B:00.0,55,99,39, mabdullahi, pmemd.cuda, 314930 320401 320544 354686 354687 354688 354689 354690 354691
20200715 05:40, gpu2005, 1, 00000000:AF:00.0,42,63,9, rlazar, namd2, 297800 320401 320544 354686 354687 354688 354689 354690 354691
20200715 05:40, gpu2005, 2, 00000000:D8:00.0,43,77,13, kweiher, python, 320401 320544 348258 354686 354687 354688 354689 354690 354691
20200715 05:45, gpu2005, 0, 00000000:3B:00.0,51,97,24, mabdullahi, pmemd.cuda, 314930 320401 320544
20200715 05:45, gpu2005, 1, 00000000:AF:00.0,42,63,9, rlazar, namd2, 297800 320401 320544
20200715 05:45, gpu2005, 2, 00000000:D8:00.0,42,92,16, kweiher, python, 320401 320544 348258
20200715 05:50, gpu2005, 0, 00000000:3B:00.0,55,99,46, mabdullahi, pmemd.cuda, 314930 320401 320544 356115 356116 356117 356118 356119 356120
20200715 05:50, gpu2005, 1, 00000000:AF:00.0,41,62,9, rlazar, namd2, 297800 320401 320544 356115 356116 356117 356118 356119 356120
20200715 05:50, gpu2005, 2, 00000000:D8:00.0,40,76,13, kweiher, python, 320401 320544 348258 356115 356116 356117 356118 356119 356120
20200715 05:55, gpu2005, 0, 00000000:3B:00.0,54,99,38, mabdullahi, pmemd.cuda, 314930 320401 320544 356115 356116 356117 356118 356119 356120
20200715 05:55, gpu2005, 1, 00000000:AF:00.0,41,63,9, rlazar, namd2, 297800 320401 320544 356115 356116 356117 356118 356119 356120
20200715 05:55, gpu2005, 2, 00000000:D8:00.0,42,95,16, kweiher, python, 320401 320544 348258 356115 356116 356117 356118 356119 356120
20200715 06:00, gpu2005, 0, 00000000:3B:00.0,56,100,46, mabdullahi, pmemd.cuda, 314930 320401 320544 356115 356116 356117 356118 356119 356120
20200715 06:00, gpu2005, 1, 00000000:AF:00.0,42,63,9, rlazar, namd2, 297800 320401 320544 356115 356116 356117 356118 356119 356120
20200715 06:00, gpu2005, 2, 00000000:D8:00.0,42,95,16, kweiher, python, 320401 320544 348258 356115 356116 356117 356118 356119 356120
20200715 06:05, gpu2005, 0, 00000000:3B:00.0,55,100,48, mabdullahi, pmemd.cuda, 314930 320401 320544 357474 357475 357476 357477 357478 357479
20200715 06:05, gpu2005, 1, 00000000:AF:00.0,42,59,9, rlazar, namd2, 297800 320401 320544 357474 357475 357476 357477 357478 357479
20200715 06:05, gpu2005, 2, 00000000:D8:00.0,44,85,15, kweiher, python, 320401 320544 348258 357474 357475 357476 357477 357478 357479
20200715 06:10, gpu2005, 0, 00000000:3B:00.0,55,100,43, mabdullahi, pmemd.cuda, 314930 320401 320544 357474 357475 357476 357477 357478 357479
20200715 06:10, gpu2005, 1, 00000000:AF:00.0,41,63,9, rlazar, namd2, 297800 320401 320544 357474 357475 357476 357477 357478 357479
20200715 06:10, gpu2005, 2, 00000000:D8:00.0,43,95,16, kweiher, python, 320401 320544 348258 357474 357475 357476 357477 357478 357479
20200715 06:15, gpu2005, 0, 00000000:3B:00.0,56,100,46, mabdullahi, pmemd.cuda, 314930 320401 320544 357474 357475 357476 357477 357478 357479
20200715 06:15, gpu2005, 1, 00000000:AF:00.0,42,62,9, rlazar, namd2, 297800 320401 320544 357474 357475 357476 357477 357478 357479
20200715 06:15, gpu2005, 2, 00000000:D8:00.0,42,0,0, kweiher, python, 320401 320544 348258 357474 357475 357476 357477 357478 357479
20200715 06:20, gpu2005, 0, 00000000:3B:00.0,56,100,45, mabdullahi, pmemd.cuda, 314930 320401 320544 358775 358776 358777 358778 358779 358780
20200715 06:20, gpu2005, 1, 00000000:AF:00.0,43,62,9, rlazar, namd2, 297800 320401 320544 358775 358776 358777 358778 358779 358780
20200715 06:20, gpu2005, 2, 00000000:D8:00.0,44,95,16, kweiher, python, 320401 320544 348258 358775 358776 358777 358778 358779 358780
20200715 06:25, gpu2005, 0, 00000000:3B:00.0,55,100,46, mabdullahi, pmemd.cuda, 314930 320401 320544 358775 358776 358777 358778 358779 358780
20200715 06:25, gpu2005, 1, 00000000:AF:00.0,42,62,9, rlazar, namd2, 297800 320401 320544 358775 358776 358777 358778 358779 358780
20200715 06:25, gpu2005, 2, 00000000:D8:00.0,42,72,13, kweiher, python, 320401 320544 348258 358775 358776 358777 358778 358779 358780
20200715 06:30, gpu2005, 0, 00000000:3B:00.0,55,100,45, mabdullahi, pmemd.cuda, 314930 320401 320544 358775 358776 358777 358778 358779 358780
20200715 06:30, gpu2005, 1, 00000000:AF:00.0,42,62,9, rlazar, namd2, 297800 320401 320544 358775 358776 358777 358778 358779 358780
20200715 06:30, gpu2005, 2, 00000000:D8:00.0,44,95,16, kweiher, python, 320401 320544 348258 358775 358776 358777 358778 358779 358780
20200715 06:35, gpu2005, 0, 00000000:3B:00.0,55,100,46, mabdullahi, pmemd.cuda, 314930 320401 320544 360138 360139 360140 360141 360142 360143
20200715 06:35, gpu2005, 1, 00000000:AF:00.0,42,62,9, rlazar, namd2, 297800 320401 320544 360138 360139 360140 360141 360142 360143
20200715 06:35, gpu2005, 2, 00000000:D8:00.0,43,95,16, kweiher, python, 320401 320544 348258 360138 360139 360140 360141 360142 360143
20200715 06:40, gpu2005, 0, 00000000:3B:00.0,56,100,44, mabdullahi, pmemd.cuda, 314930 320401 320544 360138 360139 360140 360141 360142 360143
20200715 06:40, gpu2005, 1, 00000000:AF:00.0,42,62,9, rlazar, namd2, 297800 320401 320544 360138 360139 360140 360141 360142 360143
20200715 06:40, gpu2005, 2, 00000000:D8:00.0,44,95,16, kweiher, python, 320401 320544 348258 360138 360139 360140 360141 360142 360143
20200715 06:45, gpu2005, 0, 00000000:3B:00.0,55,100,45, mabdullahi, pmemd.cuda, 314930 320401 320544 360138 360139 360140 360141 360142 360143
20200715 06:45, gpu2005, 1, 00000000:AF:00.0,39,62,9, kweiher, python, 320401 320544 360138 360139 360140 360141 360142 360143 361154
20200715 06:45, gpu2005, 2, 00000000:D8:00.0,43,84,15, kweiher, python, 320401 320544 348258 360138 360139 360140 360141 360142 360143
20200715 06:50, gpu2005, 0, 00000000:3B:00.0,56,100,42, mabdullahi, pmemd.cuda, 314930 320401 320544 361594 361595 361596 361597 361598 361600
20200715 06:50, gpu2005, 1, 00000000:AF:00.0,42,62,9, kweiher, python, 320401 320544 361154 361594 361595 361596 361597 361598 361600
20200715 06:50, gpu2005, 2, 00000000:D8:00.0,44,95,16, kweiher, python, 320401 320544 348258 361594 361595 361596 361597 361598 361600
20200715 06:55, gpu2005, 0, 00000000:3B:00.0,55,100,39, mabdullahi, pmemd.cuda, 314930 320401 320544 361594 361595 361596 361597 361598 361600
20200715 06:55, gpu2005, 1, 00000000:AF:00.0,42,63,9, kweiher, python, 320401 320544 361154 361594 361595 361596 361597 361598 361600
20200715 06:55, gpu2005, 2, 00000000:D8:00.0,43,95,16, kweiher, python, 320401 320544 348258 361594 361595 361596 361597 361598 361600
20200715 07:00, gpu2005, 0, 00000000:3B:00.0,56,95,56, mabdullahi, pmemd.cuda, 314930 320401 320544 361594 361595 361596 361597 361598 361600
20200715 07:00, gpu2005, 1, 00000000:AF:00.0,42,61,9, kweiher, python, 320401 320544 361154 361594 361595 361596 361597 361598 361600
20200715 07:00, gpu2005, 2, 00000000:D8:00.0,44,95,16, kweiher, python, 320401 320544 348258 361594 361595 361596 361597 361598 361600
20200715 07:05, gpu2005, 0, 00000000:3B:00.0,56,100,47, mabdullahi, pmemd.cuda, 314930 320401 320544 363103 363104 363105 363106 363107 363108
20200715 07:05, gpu2005, 1, 00000000:AF:00.0,42,62,9, kweiher, python, 320401 320544 361154 363103 363104 363105 363106 363107 363108
20200715 07:05, gpu2005, 2, 00000000:D8:00.0,44,23,4, kweiher, python, 320401 320544 348258 363103 363104 363105 363106 363107 363108
20200715 07:10, gpu2005, 0, 00000000:3B:00.0,55,100,46, mabdullahi, pmemd.cuda, 314930 320401 320544 363103 363104 363105 363106 363107 363108
20200715 07:10, gpu2005, 1, 00000000:AF:00.0,41,62,9, kweiher, python, 320401 320544 361154 363103 363104 363105 363106 363107 363108
20200715 07:10, gpu2005, 2, 00000000:D8:00.0,43,49,8, kweiher, python, 320401 320544 348258 363103 363104 363105 363106 363107 363108
20200715 07:15, gpu2005, 0, 00000000:3B:00.0,55,100,45, mabdullahi, pmemd.cuda, 314930 320401 320544 363103 363104 363105 363106 363107 363108
20200715 07:15, gpu2005, 1, 00000000:AF:00.0,41,62,9, kweiher, python, 320401 320544 361154 363103 363104 363105 363106 363107 363108
20200715 07:15, gpu2005, 2, 00000000:D8:00.0,42,58,10, kweiher, python, 320401 320544 348258 363103 363104 363105 363106 363107 363108
20200715 07:20, gpu2005, 0, 00000000:3B:00.0,55,100,46, mabdullahi, pmemd.cuda, 314930 320401 320544 364397 364398 364399 364400 364401 364402
20200715 07:20, gpu2005, 1, 00000000:AF:00.0,41,63,9, kweiher, python, 320401 320544 361154 364397 364398 364399 364400 364401 364402
20200715 07:20, gpu2005, 2, 00000000:D8:00.0,42,95,16, kweiher, python, 320401 320544 348258 364397 364398 364399 364400 364401 364402
20200715 07:25, gpu2005, 0, 00000000:3B:00.0,54,100,46, mabdullahi, pmemd.cuda, 314930 320401 320544 364397 364398 364399 364400 364401 364402
20200715 07:25, gpu2005, 1, 00000000:AF:00.0,41,64,9, kweiher, python, 320401 320544 361154 364397 364398 364399 364400 364401 364402
20200715 07:25, gpu2005, 2, 00000000:D8:00.0,42,32,5, kweiher, python, 320401 320544 348258 364397 364398 364399 364400 364401 364402
20200715 07:30, gpu2005, 0, 00000000:3B:00.0,54,100,44, mabdullahi, pmemd.cuda, 314930 320401 320544 364397 364398 364399 364400 364401 364402
20200715 07:30, gpu2005, 1, 00000000:AF:00.0,41,61,9, kweiher, python, 320401 320544 361154 364397 364398 364399 364400 364401 364402
20200715 07:30, gpu2005, 2, 00000000:D8:00.0,42,0,0, kweiher, python, 320401 320544 348258 364397 364398 364399 364400 364401 364402
20200715 07:35, gpu2005, 0, 00000000:3B:00.0,54,100,45, mabdullahi, pmemd.cuda, 314930 320401 320544 365765 365766 365767 365768 365769 365770
20200715 07:35, gpu2005, 1, 00000000:AF:00.0,41,64,9, kweiher, python, 320401 320544 361154 365765 365766 365767 365768 365769 365770
20200715 07:35, gpu2005, 2, 00000000:D8:00.0,42,95,16, kweiher, python, 320401 320544 348258 365765 365766 365767 365768 365769 365770
20200715 07:40, gpu2005, 0, 00000000:3B:00.0,54,100,43, mabdullahi, pmemd.cuda, 314930 320401 320544 365765 365766 365767 365768 365769 365770
20200715 07:40, gpu2005, 1, 00000000:AF:00.0,41,62,9, kweiher, python, 320401 320544 361154 365765 365766 365767 365768 365769 365770
20200715 07:40, gpu2005, 2, 00000000:D8:00.0,41,30,5, kweiher, python, 320401 320544 348258 365765 365766 365767 365768 365769 365770
20200715 07:45, gpu2005, 0, 00000000:3B:00.0,55,100,44, mabdullahi, pmemd.cuda, 314930 320401 320544 365765 365766 365767 365768 365769 365770
20200715 07:45, gpu2005, 1, 00000000:AF:00.0,41,61,9, kweiher, python, 320401 320544 361154 365765 365766 365767 365768 365769 365770
20200715 07:45, gpu2005, 2, 00000000:D8:00.0,43,19,3, kweiher, python, 320401 320544 348258 365765 365766 365767 365768 365769 365770
20200715 07:50, gpu2005, 0, 00000000:3B:00.0,54,100,46, mabdullahi, pmemd.cuda, 314930 320401 320544 367049 367050 367051 367052 367053 367054
20200715 07:50, gpu2005, 1, 00000000:AF:00.0,42,63,9, kweiher, python, 320401 320544 361154 367049 367050 367051 367052 367053 367054
20200715 07:50, gpu2005, 2, 00000000:D8:00.0,44,63,11, kweiher, python, 320401 320544 348258 367049 367050 367051 367052 367053 367054
20200715 07:55, gpu2005, 0, 00000000:3B:00.0,54,100,40, mabdullahi, pmemd.cuda, 314930 320401 320544 367049 367050 367051 367052 367053 367054
20200715 07:55, gpu2005, 1, 00000000:AF:00.0,41,62,9, kweiher, python, 320401 320544 361154 367049 367050 367051 367052 367053 367054
20200715 07:55, gpu2005, 2, 00000000:D8:00.0,43,95,16, kweiher, python, 320401 320544 348258 367049 367050 367051 367052 367053 367054
20200715 08:00, gpu2005, 0, 00000000:3B:00.0,55,100,42, mabdullahi, pmemd.cuda, 314930 320401 320544 367049 367050 367051 367052 367053 367054
20200715 08:00, gpu2005, 1, 00000000:AF:00.0,42,64,9, kweiher, python, 320401 320544 361154 367049 367050 367051 367052 367053 367054
20200715 08:00, gpu2005, 2, 00000000:D8:00.0,42,95,16, kweiher, python, 320401 320544 348258 367049 367050 367051 367052 367053 367054
20200715 08:05, gpu2005, 0, 00000000:3B:00.0,55,100,48, mabdullahi, pmemd.cuda, 314930 320401 320544 367049 367050 367051 367052 367053 367054
20200715 08:05, gpu2005, 1, 00000000:AF:00.0,41,59,8, kweiher, python, 320401 320544 361154 367049 367050 367051 367052 367053 367054
20200715 08:05, gpu2005, 2, 00000000:D8:00.0,43,1,0, kweiher, python, 320401 320544 348258 367049 367050 367051 367052 367053 367054
20200715 08:10, gpu2005, 0, 00000000:3B:00.0,55,100,47, mabdullahi, pmemd.cuda, 314930 320401 320544 368507 368508 368509 368510 368511 368513
20200715 08:10, gpu2005, 1, 00000000:AF:00.0,42,63,9, kweiher, python, 320401 320544 361154 368507 368508 368509 368510 368511 368513
20200715 08:10, gpu2005, 2, 00000000:D8:00.0,42,48,8, kweiher, python, 320401 320544 348258 368507 368508 368509 368510 368511 368513
20200715 08:15, gpu2005, 0, 00000000:3B:00.0,55,100,48, mabdullahi, pmemd.cuda, 314930 320401 320544 368507 368508 368509 368510 368511 368513
20200715 08:15, gpu2005, 1, 00000000:AF:00.0,42,62,9, kweiher, python, 320401 320544 361154 368507 368508 368509 368510 368511 368513
20200715 08:15, gpu2005, 2, 00000000:D8:00.0,44,95,16, kweiher, python, 320401 320544 348258 368507 368508 368509 368510 368511 368513
20200715 08:20, gpu2005, 0, 00000000:3B:00.0,55,100,41, mabdullahi, pmemd.cuda, 314930 320401 320544 368507 368508 368509 368510 368511 368513
20200715 08:20, gpu2005, 1, 00000000:AF:00.0,42,60,9, kweiher, python, 320401 320544 361154 368507 368508 368509 368510 368511 368513
20200715 08:20, gpu2005, 2, 00000000:D8:00.0,41,45,8, kweiher, python, 320401 320544 348258 368507 368508 368509 368510 368511 368513
20200715 08:25, gpu2005, 0, 00000000:3B:00.0,56,100,45, mabdullahi, pmemd.cuda, 314930 320401 320544 369812 369813 369814 369815 369816 369817
20200715 08:25, gpu2005, 1, 00000000:AF:00.0,42,62,9, kweiher, python, 320401 320544 361154 369812 369813 369814 369815 369816 369817
20200715 08:25, gpu2005, 2, 00000000:D8:00.0,44,95,16, kweiher, python, 320401 320544 348258 369812 369813 369814 369815 369816 369817
20200715 08:30, gpu2005, 0, 00000000:3B:00.0,56,100,41, mabdullahi, pmemd.cuda, 314930 320401 320544 369812 369813 369814 369815 369816 369817
20200715 08:30, gpu2005, 1, 00000000:AF:00.0,42,63,9, kweiher, python, 320401 320544 361154 369812 369813 369814 369815 369816 369817
20200715 08:30, gpu2005, 2, 00000000:D8:00.0,43,72,12, kweiher, python, 320401 320544 348258 369812 369813 369814 369815 369816 369817
20200715 08:35, gpu2005, 0, 00000000:3B:00.0,55,100,45, mabdullahi, pmemd.cuda, 314930 320401 320544 369812 369813 369814 369815 369816 369817
20200715 08:35, gpu2005, 1, 00000000:AF:00.0,42,63,9, kweiher, python, 320401 320544 361154 369812 369813 369814 369815 369816 369817
20200715 08:35, gpu2005, 2, 00000000:D8:00.0,42,95,16, kweiher, python, 320401 320544 348258 369812 369813 369814 369815 369816 369817
20200715 08:40, gpu2005, 0, 00000000:3B:00.0,55,100,47, mabdullahi, pmemd.cuda, 314930 320401 320544 371173 371174 371176 371177 371178 371179
20200715 08:40, gpu2005, 1, 00000000:AF:00.0,42,63,9, kweiher, python, 320401 320544 361154 371173 371174 371176 371177 371178 371179
20200715 08:40, gpu2005, 2, 00000000:D8:00.0,42,91,16, kweiher, python, 320401 320544 348258 371173 371174 371176 371177 371178 371179
20200715 08:45, gpu2005, 0, 00000000:3B:00.0,56,100,46, mabdullahi, pmemd.cuda, 314930 320401 320544 371173 371174 371176 371177 371178 371179
20200715 08:45, gpu2005, 1, 00000000:AF:00.0,41,62,9, kweiher, python, 320401 320544 361154 371173 371174 371176 371177 371178 371179
20200715 08:45, gpu2005, 2, 00000000:D8:00.0,43,95,16, kweiher, python, 320401 320544 348258 371173 371174 371176 371177 371178 371179
20200715 08:50, gpu2005, 0, 00000000:3B:00.0,54,100,26, mabdullahi, pmemd.cuda, 314930 320401 320544 371173 371174 371176 371177 371178 371179
20200715 08:50, gpu2005, 1, 00000000:AF:00.0,41,61,9, kweiher, python, 320401 320544 361154 371173 371174 371176 371177 371178 371179
20200715 08:50, gpu2005, 2, 00000000:D8:00.0,43,95,16, kweiher, python, 320401 320544 348258 371173 371174 371176 371177 371178 371179
20200715 08:55, gpu2005, 0, 00000000:3B:00.0,56,100,46, mabdullahi, pmemd.cuda, 314930 320401 320544 372464 372465 372466 372467 372468 372469
20200715 08:55, gpu2005, 1, 00000000:AF:00.0,41,62,9, kweiher, python, 320401 320544 361154 372464 372465 372466 372467 372468 372469
20200715 08:55, gpu2005, 2, 00000000:D8:00.0,44,95,16, kweiher, python, 320401 320544 348258 372464 372465 372466 372467 372468 372469
20200715 09:00, gpu2005, 0, 00000000:3B:00.0,55,100,44, mabdullahi, pmemd.cuda, 314930 320401 320544 372464 372465 372466 372467 372468 372469
20200715 09:00, gpu2005, 1, 00000000:AF:00.0,42,63,9, kweiher, python, 320401 320544 361154 372464 372465 372466 372467 372468 372469
20200715 09:00, gpu2005, 2, 00000000:D8:00.0,42,24,4, kweiher, python, 320401 320544 348258 372464 372465 372466 372467 372468 372469
20200715 09:05, gpu2005, 0, 00000000:3B:00.0,56,100,45, mabdullahi, pmemd.cuda, 314930 320401 320544 372464 372465 372466 372467 372468 372469
20200715 09:05, gpu2005, 1, 00000000:AF:00.0,42,62,9, kweiher, python, 320401 320544 361154 372464 372465 372466 372467 372468 372469
20200715 09:05, gpu2005, 2, 00000000:D8:00.0,44,95,16, kweiher, python, 320401 320544 348258 372464 372465 372466 372467 372468 372469
20200715 09:10, gpu2005, 0, 00000000:3B:00.0,54,100,46, mabdullahi, pmemd.cuda, 314930 320401 320544 373856 373857 373858 373859 373860 373861
20200715 09:10, gpu2005, 1, 00000000:AF:00.0,40,61,9, kweiher, python, 320401 320544 361154 373856 373857 373858 373859 373860 373861
20200715 09:10, gpu2005, 2, 00000000:D8:00.0,41,95,16, kweiher, python, 320401 320544 348258 373856 373857 373858 373859 373860 373861
20200715 09:15, gpu2005, 0, 00000000:3B:00.0,55,100,40, mabdullahi, pmemd.cuda, 314930 320401 320544 373856 373857 373858 373859 373860 373861
20200715 09:15, gpu2005, 1, 00000000:AF:00.0,41,63,9, kweiher, python, 320401 320544 361154 373856 373857 373858 373859 373860 373861
20200715 09:15, gpu2005, 2, 00000000:D8:00.0,41,60,10, kweiher, python, 320401 320544 348258 373856 373857 373858 373859 373860 373861
20200715 09:20, gpu2005, 0, 00000000:3B:00.0,55,100,48, mabdullahi, pmemd.cuda, 314930 320401 320544 373856 373857 373858 373859 373860 373861
20200715 09:20, gpu2005, 1, 00000000:AF:00.0,41,63,9, kweiher, python, 320401 320544 361154 373856 373857 373858 373859 373860 373861
20200715 09:20, gpu2005, 2, 00000000:D8:00.0,43,68,12, kweiher, python, 320401 320544 348258 373856 373857 373858 373859 373860 373861
20200715 09:25, gpu2005, 0, 00000000:3B:00.0,55,100,46, mabdullahi, pmemd.cuda, 314930 320401 320544 375157 375158 375159 375160 375161 375162
20200715 09:25, gpu2005, 1, 00000000:AF:00.0,41,63,9, kweiher, python, 320401 320544 361154 375157 375158 375159 375160 375161 375162
20200715 09:25, gpu2005, 2, 00000000:D8:00.0,43,92,16, kweiher, python, 320401 320544 348258 375157 375158 375159 375160 375161 375162
20200715 09:30, gpu2005, 0, 00000000:3B:00.0,55,100,41, mabdullahi, pmemd.cuda, 314930 320401 320544 375157 375158 375159 375160 375161 375162
20200715 09:30, gpu2005, 1, 00000000:AF:00.0,41,62,9, kweiher, python, 320401 320544 361154 375157 375158 375159 375160 375161 375162
20200715 09:30, gpu2005, 2, 00000000:D8:00.0,43,12,2, kweiher, python, 320401 320544 348258 375157 375158 375159 375160 375161 375162
20200715 09:35, gpu2005, 0, 00000000:3B:00.0,55,100,45, mabdullahi, pmemd.cuda, 314930 320401 320544 375157 375158 375159 375160 375161 375162
20200715 09:35, gpu2005, 1, 00000000:AF:00.0,41,65,10, kweiher, python, 320401 320544 361154 375157 375158 375159 375160 375161 375162
20200715 09:35, gpu2005, 2, 00000000:D8:00.0,42,4,1, kweiher, python, 320401 320544 348258 375157 375158 375159 375160 375161 375162
20200715 09:40, gpu2005, 0, 00000000:3B:00.0,55,99,49, mabdullahi, pmemd.cuda, 314930 320401 320544 376513 376514 376515 376516 376517 376518
20200715 09:40, gpu2005, 1, 00000000:AF:00.0,42,63,9, kweiher, python, 320401 320544 361154 376513 376514 376515 376516 376517 376518
20200715 09:40, gpu2005, 2, 00000000:D8:00.0,42,66,11, kweiher, python, 320401 320544 348258 376513 376514 376515 376516 376517 376518
20200715 09:45, gpu2005, 0, 00000000:3B:00.0,56,100,44, mabdullahi, pmemd.cuda, 314930 320401 320544 376513 376514 376515 376516 376517 376518
20200715 09:45, gpu2005, 1, 00000000:AF:00.0,41,63,9, kweiher, python, 320401 320544 361154 376513 376514 376515 376516 376517 376518
20200715 09:45, gpu2005, 2, 00000000:D8:00.0,42,59,10, kweiher, python, 320401 320544 348258 376513 376514 376515 376516 376517 376518
20200715 09:50, gpu2005, 0, 00000000:3B:00.0,55,100,45, mabdullahi, pmemd.cuda, 314930 320401 320544 376513 376514 376515 376516 376517 376518
20200715 09:50, gpu2005, 1, 00000000:AF:00.0,42,61,9, kweiher, python, 320401 320544 361154 376513 376514 376515 376516 376517 376518
20200715 09:50, gpu2005, 2, 00000000:D8:00.0,43,35,6, kweiher, python, 320401 320544 348258 376513 376514 376515 376516 376517 376518
20200715 09:55, gpu2005, 0, 00000000:3B:00.0,53,100,46, mabdullahi, pmemd.cuda, 314930 320401 320544 376513 376514 376515 376516 376517 376518
20200715 09:55, gpu2005, 1, 00000000:AF:00.0,41,62,9, kweiher, python, 320401 320544 361154 376513 376514 376515 376516 376517 376518
20200715 09:55, gpu2005, 2, 00000000:D8:00.0,43,0,0, kweiher, python, 320401 320544 348258 376513 376514 376515 376516 376517 376518
20200715 10:00, gpu2005, 0, 00000000:3B:00.0,56,95,55, kweiher, python, 320401 320544 377931 377932 377933 377934 377935 377936
20200715 10:00, gpu2005, 1, 00000000:AF:00.0,41,63,9, kweiher, python, 320401 320544 361154 377931 377932 377933 377934 377935 377936
20200715 10:00, gpu2005, 2, 00000000:D8:00.0,43,95,16, kweiher, python, 320401 320544 348258 377931 377932 377933 377934 377935 377936
20200715 10:05, gpu2005, 0, 00000000:3B:00.0,57,99,50, kweiher, python, 320401 320544 377931 377932 377933 377934 377935 377936
20200715 10:05, gpu2005, 1, 00000000:AF:00.0,41,61,9, kweiher, python, 320401 320544 361154 377931 377932 377933 377934 377935 377936
20200715 10:05, gpu2005, 2, 00000000:D8:00.0,43,89,15, kweiher, python, 320401 320544 348258 377931 377932 377933 377934 377935 377936
20200715 10:10, gpu2005, 0, 00000000:3B:00.0,54,100,45, kweiher, python, 320401 320544 378812 379105 379106 379107 379108 379109 379110 379111 379112 379379 379380 379381 379382 379383 379384
20200715 10:10, gpu2005, 1, 00000000:AF:00.0,42,63,9, kweiher, python, 320401 320544 361154 379379 379380 379381 379382 379383 379384
20200715 10:10, gpu2005, 2, 00000000:D8:00.0,43,95,16, kweiher, python, 320401 320544 348258 379379 379380 379381 379382 379383 379384
20200715 10:15, gpu2005, 0, 00000000:3B:00.0,54,98,28, kweiher, python, 320401 320544 378812 379105 379106 379107 379108 379109 379110 379111 379112 379379 379380 379381 379382 379383 379384
20200715 10:15, gpu2005, 1, 00000000:AF:00.0,42,63,9, kweiher, python, 320401 320544 361154 379379 379380 379381 379382 379383 379384
20200715 10:15, gpu2005, 2, 00000000:D8:00.0,43,0,0, kweiher, python, 320401 320544 348258 379379 379380 379381 379382 379383 379384
20200715 10:20, gpu2005, 0, 00000000:3B:00.0,55,100,46, kweiher, python, 320401 320544 378812 379379 379380 379381 379382 379383 379384 379997 379998 379999 380000 380001 380002 380003 380004
20200715 10:20, gpu2005, 1, 00000000:AF:00.0,42,63,9, kweiher, python, 320401 320544 361154 379379 379380 379381 379382 379383 379384
20200715 10:20, gpu2005, 2, 00000000:D8:00.0,44,96,21, kweiher, python, 320401 320544 379379 379380 379381 379382 379383 379384 380103
20200715 10:25, gpu2005, 0, 00000000:3B:00.0,54,100,45, kweiher, python, 320401 320544 378812 379379 379380 379381 379382 379383 379384 380345 380346 380347 380348 380349 380350 380351 380352
20200715 10:25, gpu2005, 1, 00000000:AF:00.0,41,62,9, kweiher, python, 320401 320544 361154 379379 379380 379381 379382 379383 379384
20200715 10:25, gpu2005, 2, 00000000:D8:00.0,44,96,21, kweiher, python, 320401 320544 379379 379380 379381 379382 379383 379384 380103
20200715 10:30, gpu2005, 0, 00000000:3B:00.0,55,100,49, kweiher, python, 320401 320544 378812 381060 381061 381062 381063 381064 381065 381171 381172 381173 381174 381175 381176 381177 381178
20200715 10:30, gpu2005, 1, 00000000:AF:00.0,42,61,9, kweiher, python, 320401 320544 361154 381060 381061 381062 381063 381064 381065
20200715 10:30, gpu2005, 2, 00000000:D8:00.0,44,96,21, kweiher, python, 320401 320544 380103 381060 381061 381062 381063 381064 381065
20200715 10:35, gpu2005, 0, 00000000:3B:00.0,55,100,37, kweiher, python, 320401 320544 378812 381060 381061 381062 381063 381064 381065 381499 381501 381502 381503 381504 381505 381506 381507
20200715 10:35, gpu2005, 1, 00000000:AF:00.0,41,62,9, kweiher, python, 320401 320544 361154 381060 381061 381062 381063 381064 381065
20200715 10:35, gpu2005, 2, 00000000:D8:00.0,44,7,1, kweiher, python, 320401 320544 380103 381060 381061 381062 381063 381064 381065
20200715 10:40, gpu2005, 0, 00000000:3B:00.0,54,99,39, kweiher, python, 320401 320544 378812 381060 381061 381062 381063 381064 381065 381499 381501 381502 381503 381504 381505 381506 381507
20200715 10:40, gpu2005, 1, 00000000:AF:00.0,42,62,9, kweiher, python, 320401 320544 361154 381060 381061 381062 381063 381064 381065
20200715 10:40, gpu2005, 2, 00000000:D8:00.0,44,96,21, kweiher, python, 320401 320544 380103 381060 381061 381062 381063 381064 381065
20200715 10:45, gpu2005, 0, 00000000:3B:00.0,54,100,42, kweiher, python, 320401 320544 378812 381060 381061 381062 381063 381064 381065 382398 382399 382400 382401 382402 382403 382404 382405
20200715 10:45, gpu2005, 1, 00000000:AF:00.0,42,63,9, kweiher, python, 320401 320544 361154 381060 381061 381062 381063 381064 381065
20200715 10:45, gpu2005, 2, 00000000:D8:00.0,45,96,21, kweiher, python, 320401 320544 380103 381060 381061 381062 381063 381064 381065
20200715 10:50, gpu2005, 0, 00000000:3B:00.0,49,83,25, lstrydom, python3, 378812 382960 382961 382962 382963 382964 382965 382966 382967
20200715 10:50, gpu2005, 1, 00000000:AF:00.0,41,63,9, rlazar, namd2, 361154
20200715 10:50, gpu2005, 2, 00000000:D8:00.0,45,96,21, fbadichiakher1, pmemd.cuda, 380103
20200715 10:55, gpu2005, 0, 00000000:3B:00.0,49,86,26, lstrydom, python3, 378812 383298 383299 383300 383301 383302 383303 383304 383305
20200715 10:55, gpu2005, 1, 00000000:AF:00.0,42,63,9, rlazar, namd2, 361154
20200715 10:55, gpu2005, 2, 00000000:D8:00.0,44,96,21, fbadichiakher1, pmemd.cuda, 380103
20200715 11:00, gpu2005, 0, 00000000:3B:00.0,49,86,25, lstrydom, python3, 378812 383890 383891 383892 383894 383895 383896 383897 383898
20200715 11:00, gpu2005, 1, 00000000:AF:00.0,41,63,9, rlazar, namd2, 361154
20200715 11:00, gpu2005, 2, 00000000:D8:00.0,43,0,0, fbadichiakher1, pmemd.cuda, 380103
20200715 11:05, gpu2005, 0, 00000000:3B:00.0,49,85,25, lstrydom, python3, 378812 384316 384317 384318 384319 384320 384321 384322 384323
20200715 11:05, gpu2005, 1, 00000000:AF:00.0,41,60,9, rlazar, namd2, 361154
20200715 11:05, gpu2005, 2, 00000000:D8:00.0,44,96,21, fbadichiakher1, pmemd.cuda, 380103
20200715 11:10, gpu2005, 0, 00000000:3B:00.0,47,70,18, lstrydom, python3, 378812 384873 384874 384875 384876 384877 384878 384879 384880
20200715 11:10, gpu2005, 1, 00000000:AF:00.0,42,63,9, rlazar, namd2, 361154
20200715 11:10, gpu2005, 2, 00000000:D8:00.0,43,0,0, fbadichiakher1, pmemd.cuda, 380103
20200715 11:15, gpu2005, 0, 00000000:3B:00.0,49,86,26, lstrydom, python3, 378812 385273 385274 385275 385276 385277 385278 385279 385280
20200715 11:15, gpu2005, 1, 00000000:AF:00.0,41,64,9, rlazar, namd2, 361154
20200715 11:15, gpu2005, 2, 00000000:D8:00.0,44,96,21, fbadichiakher1, pmemd.cuda, 380103
20200715 11:20, gpu2005, 0, 00000000:3B:00.0,49,85,25, lstrydom, python3, 378812 385629 385630 385632 385633 385634 385635 385636 385637
20200715 11:20, gpu2005, 1, 00000000:AF:00.0,42,63,9, rlazar, namd2, 361154
20200715 11:20, gpu2005, 2, 00000000:D8:00.0,44,9,2, fbadichiakher1, pmemd.cuda, 380103
20200715 11:25, gpu2005, 0, 00000000:3B:00.0,49,87,26, lstrydom, python3, 378812 386243 386244 386245 386246 386247 386248 386249 386250
20200715 11:25, gpu2005, 1, 00000000:AF:00.0,42,63,9, rlazar, namd2, 361154
20200715 11:25, gpu2005, 2, 00000000:D8:00.0,45,96,21, fbadichiakher1, pmemd.cuda, 380103
20200715 11:30, gpu2005, 0, 00000000:3B:00.0,49,84,25, lstrydom, python3, 378812 386571 386572 386573 386574 386575 386576 386577 386578
20200715 11:30, gpu2005, 1, 00000000:AF:00.0,41,61,9, rlazar, namd2, 361154
20200715 11:30, gpu2005, 2, 00000000:D8:00.0,44,86,19, fbadichiakher1, pmemd.cuda, 380103
20200715 11:35, gpu2005, 0, 00000000:3B:00.0,48,84,24, lstrydom, python3, 378812 387227 387228 387229 387230 387231 387232 387233 387234
20200715 11:35, gpu2005, 1, 00000000:AF:00.0,42,64,9, rlazar, namd2, 361154
20200715 11:35, gpu2005, 2, 00000000:D8:00.0,43,96,21, fbadichiakher1, pmemd.cuda, 380103
20200715 11:40, gpu2005, 0, 00000000:3B:00.0,44,42,14, lstrydom, python3, 378812 387561 387562 387563 387564 387565 387566 387567 387568
20200715 11:40, gpu2005, 1, 00000000:AF:00.0,41,63,9, rlazar, namd2, 361154
20200715 11:40, gpu2005, 2, 00000000:D8:00.0,42,2,1, fbadichiakher1, pmemd.cuda, 380103
20200715 11:45, gpu2005, 0, 00000000:3B:00.0,33,0,0, poviroh, gmx_mpi, 387987
20200715 11:45, gpu2005, 1, 00000000:AF:00.0,42,63,10, rlazar, namd2, 361154
20200715 11:45, gpu2005, 2, 00000000:D8:00.0,44,96,21, fbadichiakher1, pmemd.cuda, 380103
20200715 11:50, gpu2005, 0, 00000000:3B:00.0,32,0,0, poviroh, gmx_mpi, 387987
20200715 11:50, gpu2005, 1, 00000000:AF:00.0,41,63,9, rlazar, namd2, 361154
20200715 11:50, gpu2005, 2, 00000000:D8:00.0,43,17,4, fbadichiakher1, pmemd.cuda, 380103
20200715 11:55, gpu2005, 0, 00000000:3B:00.0,32,0,0, poviroh, gmx_mpi, 387987
20200715 11:55, gpu2005, 1, 00000000:AF:00.0,41,63,9, rlazar, namd2, 361154
20200715 11:55, gpu2005, 2, 00000000:D8:00.0,44,96,21, fbadichiakher1, pmemd.cuda, 380103
20200715 12:00, gpu2005, 0, 00000000:3B:00.0,32,0,0, poviroh, gmx_mpi, 387987
20200715 12:00, gpu2005, 1, 00000000:AF:00.0,41,65,10, rlazar, namd2, 361154
20200715 12:00, gpu2005, 2, 00000000:D8:00.0,44,84,18, fbadichiakher1, pmemd.cuda, 380103
20200715 12:05, gpu2005, 0, 00000000:3B:00.0,32,0,0, poviroh, gmx_mpi, 387987
20200715 12:05, gpu2005, 1, 00000000:AF:00.0,41,63,9, rlazar, namd2, 361154
20200715 12:05, gpu2005, 2, 00000000:D8:00.0,44,96,21, fbadichiakher1, pmemd.cuda, 380103
20200715 12:10, gpu2005, 0, 00000000:3B:00.0,32,0,0, poviroh, gmx_mpi, 387987
20200715 12:10, gpu2005, 1, 00000000:AF:00.0,41,63,9, rlazar, namd2, 361154
20200715 12:10, gpu2005, 2, 00000000:D8:00.0,44,96,21, fbadichiakher1, pmemd.cuda, 380103
20200715 12:15, gpu2005, 0, 00000000:3B:00.0,33,0,0, poviroh, gmx_mpi, 387987
20200715 12:15, gpu2005, 1, 00000000:AF:00.0,42,63,9, rlazar, namd2, 361154
20200715 12:15, gpu2005, 2, 00000000:D8:00.0,44,0,0, fbadichiakher1, pmemd.cuda, 380103
20200715 12:20, gpu2005, 0, 00000000:3B:00.0,33,0,0, poviroh, gmx_mpi, 387987
20200715 12:20, gpu2005, 1, 00000000:AF:00.0,41,63,9, rlazar, namd2, 361154
20200715 12:20, gpu2005, 2, 00000000:D8:00.0,44,96,21, fbadichiakher1, pmemd.cuda, 380103
20200715 12:25, gpu2005, 0, 00000000:3B:00.0,32,0,0, poviroh, gmx_mpi, 387987
20200715 12:25, gpu2005, 1, 00000000:AF:00.0,41,62,9, rlazar, namd2, 361154
20200715 12:25, gpu2005, 2, 00000000:D8:00.0,44,96,21, fbadichiakher1, pmemd.cuda, 380103
20200715 12:30, gpu2005, 0, 00000000:3B:00.0,32,0,0, poviroh, gmx_mpi, 387987
20200715 12:30, gpu2005, 1, 00000000:AF:00.0,41,64,9, rlazar, namd2, 361154
20200715 12:30, gpu2005, 2, 00000000:D8:00.0,43,82,18, fbadichiakher1, pmemd.cuda, 380103
20200715 12:35, gpu2005, 0, 00000000:3B:00.0,32,0,0, poviroh, gmx_mpi, 387987
20200715 12:35, gpu2005, 1, 00000000:AF:00.0,41,64,9, rlazar, namd2, 361154
20200715 12:35, gpu2005, 2, 00000000:D8:00.0,44,96,21, fbadichiakher1, pmemd.cuda, 380103
20200715 12:40, gpu2005, 0, 00000000:3B:00.0,32,0,0, poviroh, gmx_mpi, 387987
20200715 12:40, gpu2005, 1, 00000000:AF:00.0,41,64,9, rlazar, namd2, 361154
20200715 12:40, gpu2005, 2, 00000000:D8:00.0,43,75,16, fbadichiakher1, pmemd.cuda, 380103
20200715 12:45, gpu2005, 0, 00000000:3B:00.0,32,0,0, poviroh, gmx_mpi, 387987
20200715 12:45, gpu2005, 1, 00000000:AF:00.0,41,65,10, rlazar, namd2, 361154
20200715 12:45, gpu2005, 2, 00000000:D8:00.0,45,97,21, fbadichiakher1, pmemd.cuda, 380103
20200715 12:50, gpu2005, 0, 00000000:3B:00.0,32,0,0, poviroh, gmx_mpi, 387987
20200715 12:50, gpu2005, 1, 00000000:AF:00.0,41,64,9, rlazar, namd2, 361154
20200715 12:50, gpu2005, 2, 00000000:D8:00.0,44,0,0, fbadichiakher1, pmemd.cuda, 380103
20200715 12:55, gpu2005, 0, 00000000:3B:00.0,32,0,0, poviroh, gmx_mpi, 387987
20200715 12:55, gpu2005, 1, 00000000:AF:00.0,41,62,9, rlazar, namd2, 361154
20200715 12:55, gpu2005, 2, 00000000:D8:00.0,44,96,21, fbadichiakher1, pmemd.cuda, 380103
20200715 13:00, gpu2005, 0, 00000000:3B:00.0,32,0,0, poviroh, gmx_mpi, 387987
20200715 13:00, gpu2005, 1, 00000000:AF:00.0,41,64,9, rlazar, namd2, 361154
20200715 13:00, gpu2005, 2, 00000000:D8:00.0,44,96,21, fbadichiakher1, pmemd.cuda, 380103
20200715 13:05, gpu2005, 0, 00000000:3B:00.0,32,0,0, poviroh, gmx_mpi, 387987
20200715 13:05, gpu2005, 1, 00000000:AF:00.0,41,63,9, rlazar, namd2, 361154
20200715 13:05, gpu2005, 2, 00000000:D8:00.0,44,64,14, fbadichiakher1, pmemd.cuda, 380103
20200715 13:10, gpu2005, 0, 00000000:3B:00.0,32,0,0, poviroh, gmx_mpi, 387987
20200715 13:10, gpu2005, 1, 00000000:AF:00.0,41,63,9, rlazar, namd2, 361154
20200715 13:10, gpu2005, 2, 00000000:D8:00.0,42,0,0, fbadichiakher1, pmemd.cuda, 380103
20200715 13:15, gpu2005, 0, 00000000:3B:00.0,32,0,0, poviroh, gmx_mpi, 387987
20200715 13:15, gpu2005, 1, 00000000:AF:00.0,41,63,9, rlazar, namd2, 361154
20200715 13:15, gpu2005, 2, 00000000:D8:00.0,42,2,0, fbadichiakher1, pmemd.cuda, 380103
20200715 13:20, gpu2005, 0, 00000000:3B:00.0,32,0,0, poviroh, gmx_mpi, 387987
20200715 13:20, gpu2005, 1, 00000000:AF:00.0,42,64,9, rlazar, namd2, 361154
20200715 13:20, gpu2005, 2, 00000000:D8:00.0,42,62,13, fbadichiakher1, pmemd.cuda, 380103
20200715 13:25, gpu2005, 0, 00000000:3B:00.0,33,0,0, poviroh, gmx_mpi, 387987
20200715 13:25, gpu2005, 1, 00000000:AF:00.0,42,63,9, rlazar, namd2, 361154
20200715 13:25, gpu2005, 2, 00000000:D8:00.0,45,96,21, fbadichiakher1, pmemd.cuda, 380103
20200715 13:30, gpu2005, 0, 00000000:3B:00.0,32,0,0, poviroh, gmx_mpi, 387987
20200715 13:30, gpu2005, 1, 00000000:AF:00.0,41,62,9, rlazar, namd2, 361154
20200715 13:30, gpu2005, 2, 00000000:D8:00.0,42,46,10, fbadichiakher1, pmemd.cuda, 380103
20200715 13:35, gpu2005, 0, 00000000:3B:00.0,33,0,0, poviroh, gmx_mpi, 387987
20200715 13:35, gpu2005, 1, 00000000:AF:00.0,41,63,9, rlazar, namd2, 361154
20200715 13:35, gpu2005, 2, 00000000:D8:00.0,43,96,21, fbadichiakher1, pmemd.cuda, 380103
20200715 13:40, gpu2005, 0, 00000000:3B:00.0,33,0,0, poviroh, gmx_mpi, 387987
20200715 13:40, gpu2005, 1, 00000000:AF:00.0,42,64,9, rlazar, namd2, 361154
20200715 13:40, gpu2005, 2, 00000000:D8:00.0,43,96,21, fbadichiakher1, pmemd.cuda, 380103
20200715 13:45, gpu2005, 0, 00000000:3B:00.0,32,0,0, poviroh, gmx_mpi, 387987
20200715 13:45, gpu2005, 1, 00000000:AF:00.0,41,62,9, rlazar, namd2, 361154
20200715 13:45, gpu2005, 2, 00000000:D8:00.0,44,96,21, fbadichiakher1, pmemd.cuda, 380103
20200715 13:50, gpu2005, 0, 00000000:3B:00.0,32,0,0, poviroh, gmx_mpi, 387987
20200715 13:50, gpu2005, 1, 00000000:AF:00.0,41,61,9, rlazar, namd2, 361154
20200715 13:50, gpu2005, 2, 00000000:D8:00.0,43,65,14, fbadichiakher1, pmemd.cuda, 380103
20200715 13:55, gpu2005, 0, 00000000:3B:00.0,32,0,0, poviroh, gmx_mpi, 387987
20200715 13:55, gpu2005, 1, 00000000:AF:00.0,41,61,9, rlazar, namd2, 361154
20200715 13:55, gpu2005, 2, 00000000:D8:00.0,43,68,15, fbadichiakher1, pmemd.cuda, 380103
20200715 14:00, gpu2005, 0, 00000000:3B:00.0,32,0,0, poviroh, gmx_mpi, 387987
20200715 14:00, gpu2005, 1, 00000000:AF:00.0,41,63,9, rlazar, namd2, 361154
20200715 14:00, gpu2005, 2, 00000000:D8:00.0,44,0,0, fbadichiakher1, pmemd.cuda, 380103
20200715 14:05, gpu2005, 0, 00000000:3B:00.0,33,0,0, poviroh, gmx_mpi, 387987
20200715 14:05, gpu2005, 1, 00000000:AF:00.0,42,60,9, rlazar, namd2, 361154
20200715 14:05, gpu2005, 2, 00000000:D8:00.0,45,96,21, fbadichiakher1, pmemd.cuda, 380103
20200715 14:10, gpu2005, 0, 00000000:3B:00.0,32,0,0, poviroh, gmx_mpi, 387987
20200715 14:10, gpu2005, 1, 00000000:AF:00.0,41,61,9, rlazar, namd2, 361154
20200715 14:10, gpu2005, 2, 00000000:D8:00.0,44,56,12, fbadichiakher1, pmemd.cuda, 380103
20200715 14:15, gpu2005, 0, 00000000:3B:00.0,33,0,0, poviroh, gmx_mpi, 387987
20200715 14:15, gpu2005, 1, 00000000:AF:00.0,42,62,9, rlazar, namd2, 361154
20200715 14:15, gpu2005, 2, 00000000:D8:00.0,44,25,5, fbadichiakher1, pmemd.cuda, 380103
20200715 14:20, gpu2005, 0, 00000000:3B:00.0,33,0,0, poviroh, gmx_mpi, 387987
20200715 14:20, gpu2005, 1, 00000000:AF:00.0,42,62,9, rlazar, namd2, 361154
20200715 14:20, gpu2005, 2, 00000000:D8:00.0,43,96,21, fbadichiakher1, pmemd.cuda, 380103
20200715 14:25, gpu2005, 0, 00000000:3B:00.0,32,0,0, poviroh, gmx_mpi, 387987
20200715 14:25, gpu2005, 1, 00000000:AF:00.0,41,62,9, rlazar, namd2, 361154
20200715 14:25, gpu2005, 2, 00000000:D8:00.0,42,15,3, fbadichiakher1, pmemd.cuda, 380103
20200715 14:30, gpu2005, 0, 00000000:3B:00.0,33,0,0, poviroh, gmx_mpi, 387987
20200715 14:30, gpu2005, 1, 00000000:AF:00.0,41,63,9, rlazar, namd2, 361154
20200715 14:30, gpu2005, 2, 00000000:D8:00.0,44,97,21, fbadichiakher1, pmemd.cuda, 380103
20200715 14:35, gpu2005, 0, 00000000:3B:00.0,32,0,0, poviroh, gmx_mpi, 387987
20200715 14:35, gpu2005, 1, 00000000:AF:00.0,41,63,9, rlazar, namd2, 361154
20200715 14:35, gpu2005, 2, 00000000:D8:00.0,42,16,4, fbadichiakher1, pmemd.cuda, 380103
20200715 14:40, gpu2005, 0, 00000000:3B:00.0,32,0,0, poviroh, gmx_mpi, 387987
20200715 14:40, gpu2005, 1, 00000000:AF:00.0,41,63,9, rlazar, namd2, 361154
20200715 14:40, gpu2005, 2, 00000000:D8:00.0,44,96,21, fbadichiakher1, pmemd.cuda, 380103
20200715 14:45, gpu2005, 0, 00000000:3B:00.0,33,0,0, poviroh, gmx_mpi, 387987
20200715 14:45, gpu2005, 1, 00000000:AF:00.0,42,63,9, rlazar, namd2, 361154
20200715 14:45, gpu2005, 2, 00000000:D8:00.0,44,19,4, fbadichiakher1, pmemd.cuda, 380103
20200715 14:50, gpu2005, 0, 00000000:3B:00.0,33,0,0, poviroh, gmx_mpi, 387987
20200715 14:50, gpu2005, 1, 00000000:AF:00.0,42,63,9, rlazar, namd2, 361154
20200715 14:50, gpu2005, 2, 00000000:D8:00.0,44,96,21, fbadichiakher1, pmemd.cuda, 380103
20200715 14:55, gpu2005, 0, 00000000:3B:00.0,33,0,0, poviroh, gmx_mpi, 387987
20200715 14:55, gpu2005, 1, 00000000:AF:00.0,42,62,9, rlazar, namd2, 361154
20200715 14:55, gpu2005, 2, 00000000:D8:00.0,43,29,6, fbadichiakher1, pmemd.cuda, 380103
20200715 15:00, gpu2005, 0, 00000000:3B:00.0,32,0,0, poviroh, gmx_mpi, 387987
20200715 15:00, gpu2005, 1, 00000000:AF:00.0,41,63,9, rlazar, namd2, 361154
20200715 15:00, gpu2005, 2, 00000000:D8:00.0,44,96,21, fbadichiakher1, pmemd.cuda, 380103
20200715 15:05, gpu2005, 0, 00000000:3B:00.0,32,0,0, poviroh, gmx_mpi, 387987
20200715 15:05, gpu2005, 1, 00000000:AF:00.0,41,60,9, rlazar, namd2, 361154
20200715 15:05, gpu2005, 2, 00000000:D8:00.0,42,36,8, fbadichiakher1, pmemd.cuda, 380103
20200715 15:10, gpu2005, 0, 00000000:3B:00.0,32,0,0, poviroh, gmx_mpi, 387987
20200715 15:10, gpu2005, 1, 00000000:AF:00.0,41,61,9, rlazar, namd2, 361154
20200715 15:10, gpu2005, 2, 00000000:D8:00.0,43,97,21, fbadichiakher1, pmemd.cuda, 380103
20200715 15:15, gpu2005, 0, 00000000:3B:00.0,34,0,0, poviroh, gmx_mpi, 387987
20200715 15:15, gpu2005, 1, 00000000:AF:00.0,43,62,9, rlazar, namd2, 361154
20200715 15:15, gpu2005, 2, 00000000:D8:00.0,46,96,21, fbadichiakher1, pmemd.cuda, 380103
20200715 15:20, gpu2005, 0, 00000000:3B:00.0,33,0,0, poviroh, gmx_mpi, 387987
20200715 15:20, gpu2005, 1, 00000000:AF:00.0,42,61,9, rlazar, namd2, 361154
20200715 15:20, gpu2005, 2, 00000000:D8:00.0,45,97,21, fbadichiakher1, pmemd.cuda, 380103
20200715 15:25, gpu2005, 0, 00000000:3B:00.0,33,0,0, poviroh, gmx_mpi, 387987
20200715 15:25, gpu2005, 1, 00000000:AF:00.0,42,62,9, rlazar, namd2, 361154
20200715 15:25, gpu2005, 2, 00000000:D8:00.0,43,62,14, fbadichiakher1, pmemd.cuda, 380103
20200715 15:30, gpu2005, 0, 00000000:3B:00.0,33,0,0, poviroh, gmx_mpi, 387987
20200715 15:30, gpu2005, 1, 00000000:AF:00.0,42,61,9, rlazar, namd2, 361154
20200715 15:30, gpu2005, 2, 00000000:D8:00.0,44,0,0, fbadichiakher1, pmemd.cuda, 380103
20200715 15:35, gpu2005, 0, 00000000:3B:00.0,32,0,0, poviroh, gmx_mpi, 387987
20200715 15:35, gpu2005, 1, 00000000:AF:00.0,41,62,9, rlazar, namd2, 361154
20200715 15:35, gpu2005, 2, 00000000:D8:00.0,44,97,21, fbadichiakher1, pmemd.cuda, 380103
20200715 15:40, gpu2005, 0, 00000000:3B:00.0,33,0,0, poviroh, gmx_mpi, 387987
20200715 15:40, gpu2005, 1, 00000000:AF:00.0,41,59,8, rlazar, namd2, 361154
20200715 15:40, gpu2005, 2, 00000000:D8:00.0,45,97,21, fbadichiakher1, pmemd.cuda, 380103
20200715 15:45, gpu2005, 0, 00000000:3B:00.0,33,0,0, poviroh, gmx_mpi, 387987
20200715 15:45, gpu2005, 1, 00000000:AF:00.0,41,62,9, rlazar, namd2, 361154
20200715 15:45, gpu2005, 2, 00000000:D8:00.0,42,22,5, fbadichiakher1, pmemd.cuda, 380103
20200715 15:50, gpu2005, 0, 00000000:3B:00.0,33,0,0, poviroh, gmx_mpi, 387987
20200715 15:50, gpu2005, 1, 00000000:AF:00.0,41,61,9, rlazar, namd2, 361154
20200715 15:50, gpu2005, 2, 00000000:D8:00.0,44,97,21, fbadichiakher1, pmemd.cuda, 380103
20200715 15:55, gpu2005, 0, 00000000:3B:00.0,33,0,0, poviroh, gmx_mpi, 387987
20200715 15:55, gpu2005, 1, 00000000:AF:00.0,41,62,9, rlazar, namd2, 361154
20200715 15:55, gpu2005, 2, 00000000:D8:00.0,44,8,2, fbadichiakher1, pmemd.cuda, 380103
20200715 16:00, gpu2005, 0, 00000000:3B:00.0,33,0,0, poviroh, gmx_mpi, 387987
20200715 16:00, gpu2005, 1, 00000000:AF:00.0,41,63,9, rlazar, namd2, 361154
20200715 16:00, gpu2005, 2, 00000000:D8:00.0,42,0,0, fbadichiakher1, pmemd.cuda, 380103
20200715 16:05, gpu2005, 0, 00000000:3B:00.0,33,0,0, poviroh, gmx_mpi, 387987
20200715 16:05, gpu2005, 1, 00000000:AF:00.0,42,63,9, rlazar, namd2, 361154
20200715 16:05, gpu2005, 2, 00000000:D8:00.0,43,19,4, fbadichiakher1, pmemd.cuda, 380103
20200715 16:10, gpu2005, 0, 00000000:3B:00.0,33,0,0, poviroh, gmx_mpi, 387987
20200715 16:10, gpu2005, 1, 00000000:AF:00.0,41,62,9, rlazar, namd2, 361154
20200715 16:10, gpu2005, 2, 00000000:D8:00.0,44,96,21, fbadichiakher1, pmemd.cuda, 380103
20200715 16:15, gpu2005, 0, 00000000:3B:00.0,33,0,0, poviroh, gmx_mpi, 387987
20200715 16:15, gpu2005, 1, 00000000:AF:00.0,41,63,9, rlazar, namd2, 361154
20200715 16:15, gpu2005, 2, 00000000:D8:00.0,42,15,3, fbadichiakher1, pmemd.cuda, 380103
20200715 16:20, gpu2005, 0, 00000000:3B:00.0,33,0,0, poviroh, gmx_mpi, 387987
20200715 16:20, gpu2005, 1, 00000000:AF:00.0,41,63,9, rlazar, namd2, 361154
20200715 16:20, gpu2005, 2, 00000000:D8:00.0,44,96,21, fbadichiakher1, pmemd.cuda, 380103
20200715 16:25, gpu2005, 0, 00000000:3B:00.0,33,0,0, poviroh, gmx_mpi, 387987
20200715 16:25, gpu2005, 1, 00000000:AF:00.0,41,62,9, rlazar, namd2, 361154
20200715 16:25, gpu2005, 2, 00000000:D8:00.0,44,96,21, fbadichiakher1, pmemd.cuda, 380103
20200715 16:30, gpu2005, 0, 00000000:3B:00.0,33,0,0, poviroh, gmx_mpi, 387987
20200715 16:30, gpu2005, 1, 00000000:AF:00.0,41,62,9, rlazar, namd2, 361154
20200715 16:30, gpu2005, 2, 00000000:D8:00.0,44,96,21, fbadichiakher1, pmemd.cuda, 380103
20200715 16:35, gpu2005, 0, 00000000:3B:00.0,33,0,0, poviroh, gmx_mpi, 387987
20200715 16:35, gpu2005, 1, 00000000:AF:00.0,42,62,9, rlazar, namd2, 361154
20200715 16:35, gpu2005, 2, 00000000:D8:00.0,42,0,0, fbadichiakher1, pmemd.cuda, 380103
20200715 16:40, gpu2005, 0, 00000000:3B:00.0,33,0,0, poviroh, gmx_mpi, 387987
20200715 16:40, gpu2005, 1, 00000000:AF:00.0,41,62,9, rlazar, namd2, 361154
20200715 16:40, gpu2005, 2, 00000000:D8:00.0,43,94,21, fbadichiakher1, pmemd.cuda, 380103
20200715 16:45, gpu2005, 0, 00000000:3B:00.0,33,0,0, poviroh, gmx_mpi, 387987
20200715 16:45, gpu2005, 1, 00000000:AF:00.0,42,63,9, rlazar, namd2, 361154
20200715 16:45, gpu2005, 2, 00000000:D8:00.0,44,28,6, fbadichiakher1, pmemd.cuda, 380103
20200715 16:50, gpu2005, 0, 00000000:3B:00.0,33,0,0, poviroh, gmx_mpi, 387987
20200715 16:50, gpu2005, 1, 00000000:AF:00.0,42,62,9, rlazar, namd2, 361154
20200715 16:50, gpu2005, 2, 00000000:D8:00.0,44,0,0, fbadichiakher1, pmemd.cuda, 380103
20200715 16:55, gpu2005, 0, 00000000:3B:00.0,33,0,0, poviroh, gmx_mpi, 387987
20200715 16:55, gpu2005, 1, 00000000:AF:00.0,42,58,8, rlazar, namd2, 361154
20200715 16:55, gpu2005, 2, 00000000:D8:00.0,44,10,2, fbadichiakher1, pmemd.cuda, 380103
20200715 17:00, gpu2005, 0, 00000000:3B:00.0,33,0,0, poviroh, gmx_mpi, 387987
20200715 17:00, gpu2005, 1, 00000000:AF:00.0,41,63,9, rlazar, namd2, 361154
20200715 17:00, gpu2005, 2, 00000000:D8:00.0,44,7,1, fbadichiakher1, pmemd.cuda, 380103
20200715 17:05, gpu2005, 0, 00000000:3B:00.0,33,0,0, poviroh, gmx_mpi, 387987
20200715 17:05, gpu2005, 1, 00000000:AF:00.0,41,63,9, rlazar, namd2, 361154
20200715 17:05, gpu2005, 2, 00000000:D8:00.0,45,96,21, fbadichiakher1, pmemd.cuda, 380103
20200715 17:10, gpu2005, 0, 00000000:3B:00.0,33,0,0, poviroh, gmx_mpi, 387987
20200715 17:10, gpu2005, 1, 00000000:AF:00.0,41,62,9, rlazar, namd2, 361154
20200715 17:10, gpu2005, 2, 00000000:D8:00.0,45,96,21, fbadichiakher1, pmemd.cuda, 380103
20200715 17:15, gpu2005, 0, 00000000:3B:00.0,33,0,0, poviroh, gmx_mpi, 387987
20200715 17:15, gpu2005, 1, 00000000:AF:00.0,42,61,9, rlazar, namd2, 361154
20200715 17:15, gpu2005, 2, 00000000:D8:00.0,45,97,21, fbadichiakher1, pmemd.cuda, 380103
20200715 17:20, gpu2005, 0, 00000000:3B:00.0,33,0,0, poviroh, gmx_mpi, 387987
20200715 17:20, gpu2005, 1, 00000000:AF:00.0,41,63,9, rlazar, namd2, 361154
20200715 17:20, gpu2005, 2, 00000000:D8:00.0,45,96,21, fbadichiakher1, pmemd.cuda, 380103
20200715 17:25, gpu2005, 0, 00000000:3B:00.0,33,0,0, poviroh, gmx_mpi, 387987
20200715 17:25, gpu2005, 1, 00000000:AF:00.0,41,60,9, rlazar, namd2, 361154
20200715 17:25, gpu2005, 2, 00000000:D8:00.0,45,97,21, fbadichiakher1, pmemd.cuda, 380103
20200715 17:30, gpu2005, 0, 00000000:3B:00.0,33,0,0, poviroh, gmx_mpi, 387987
20200715 17:30, gpu2005, 1, 00000000:AF:00.0,42,62,9, rlazar, namd2, 361154
20200715 17:30, gpu2005, 2, 00000000:D8:00.0,45,96,21, fbadichiakher1, pmemd.cuda, 380103
20200715 17:35, gpu2005, 0, 00000000:3B:00.0,32,0,0, poviroh, gmx_mpi, 387987
20200715 17:35, gpu2005, 1, 00000000:AF:00.0,41,61,9, rlazar, namd2, 361154
20200715 17:35, gpu2005, 2, 00000000:D8:00.0,44,10,2, fbadichiakher1, pmemd.cuda, 380103
20200715 17:40, gpu2005, 0, 00000000:3B:00.0,33,0,0, poviroh, gmx_mpi, 387987
20200715 17:40, gpu2005, 1, 00000000:AF:00.0,41,63,9, rlazar, namd2, 361154
20200715 17:40, gpu2005, 2, 00000000:D8:00.0,43,97,21, fbadichiakher1, pmemd.cuda, 380103
20200715 17:45, gpu2005, 0, 00000000:3B:00.0,33,0,0, poviroh, gmx_mpi, 387987
20200715 17:45, gpu2005, 1, 00000000:AF:00.0,42,64,9, rlazar, namd2, 361154
20200715 17:45, gpu2005, 2, 00000000:D8:00.0,45,96,21, fbadichiakher1, pmemd.cuda, 380103
20200715 17:50, gpu2005, 0, 00000000:3B:00.0,33,0,0, poviroh, gmx_mpi, 387987
20200715 17:50, gpu2005, 1, 00000000:AF:00.0,41,62,9, rlazar, namd2, 361154
20200715 17:50, gpu2005, 2, 00000000:D8:00.0,44,79,17, fbadichiakher1, pmemd.cuda, 380103
20200715 17:55, gpu2005, 0, 00000000:3B:00.0,33,0,0, poviroh, gmx_mpi, 387987
20200715 17:55, gpu2005, 1, 00000000:AF:00.0,41,61,9, rlazar, namd2, 361154
20200715 17:55, gpu2005, 2, 00000000:D8:00.0,44,88,19, fbadichiakher1, pmemd.cuda, 380103
20200715 18:00, gpu2005, 0, 00000000:3B:00.0,33,0,0, poviroh, gmx_mpi, 387987
20200715 18:00, gpu2005, 1, 00000000:AF:00.0,41,62,9, rlazar, namd2, 361154
20200715 18:00, gpu2005, 2, 00000000:D8:00.0,44,0,0, fbadichiakher1, pmemd.cuda, 380103
20200715 18:05, gpu2005, 0, 00000000:3B:00.0,33,0,0, poviroh, gmx_mpi, 387987
20200715 18:05, gpu2005, 1, 00000000:AF:00.0,41,62,9, rlazar, namd2, 361154
20200715 18:05, gpu2005, 2, 00000000:D8:00.0,44,92,20, fbadichiakher1, pmemd.cuda, 380103
20200715 18:10, gpu2005, 0, 00000000:3B:00.0,33,0,0, poviroh, gmx_mpi, 387987
20200715 18:10, gpu2005, 1, 00000000:AF:00.0,42,63,9, rlazar, namd2, 361154
20200715 18:10, gpu2005, 2, 00000000:D8:00.0,43,96,21, fbadichiakher1, pmemd.cuda, 380103
20200715 18:15, gpu2005, 0, 00000000:3B:00.0,33,0,0, poviroh, gmx_mpi, 387987
20200715 18:15, gpu2005, 1, 00000000:AF:00.0,41,64,9, rlazar, namd2, 361154
20200715 18:15, gpu2005, 2, 00000000:D8:00.0,44,96,21, fbadichiakher1, pmemd.cuda, 380103
20200715 18:20, gpu2005, 0, 00000000:3B:00.0,33,0,0, poviroh, gmx_mpi, 387987
20200715 18:20, gpu2005, 1, 00000000:AF:00.0,42,62,9, rlazar, namd2, 361154
20200715 18:20, gpu2005, 2, 00000000:D8:00.0,44,90,20, fbadichiakher1, pmemd.cuda, 380103
20200715 18:25, gpu2005, 0, 00000000:3B:00.0,33,0,0, poviroh, gmx_mpi, 387987
20200715 18:25, gpu2005, 1, 00000000:AF:00.0,41,62,9, rlazar, namd2, 361154
20200715 18:25, gpu2005, 2, 00000000:D8:00.0,42,0,0, fbadichiakher1, pmemd.cuda, 380103
20200715 18:30, gpu2005, 0, 00000000:3B:00.0,33,0,0, poviroh, gmx_mpi, 387987
20200715 18:30, gpu2005, 1, 00000000:AF:00.0,41,63,9, rlazar, namd2, 361154
20200715 18:30, gpu2005, 2, 00000000:D8:00.0,42,85,19, fbadichiakher1, pmemd.cuda, 380103
20200715 18:35, gpu2005, 0, 00000000:3B:00.0,33,0,0, poviroh, gmx_mpi, 387987
20200715 18:35, gpu2005, 1, 00000000:AF:00.0,42,62,9, rlazar, namd2, 361154
20200715 18:35, gpu2005, 2, 00000000:D8:00.0,44,0,0, fbadichiakher1, pmemd.cuda, 380103
20200715 18:40, gpu2005, 0, 00000000:3B:00.0,33,0,0, poviroh, gmx_mpi, 387987
20200715 18:40, gpu2005, 1, 00000000:AF:00.0,42,62,9, rlazar, namd2, 361154
20200715 18:40, gpu2005, 2, 00000000:D8:00.0,45,96,21, fbadichiakher1, pmemd.cuda, 380103
20200715 18:45, gpu2005, 0, 00000000:3B:00.0,33,0,0, poviroh, gmx_mpi, 387987
20200715 18:45, gpu2005, 1, 00000000:AF:00.0,41,63,9, rlazar, namd2, 361154
20200715 18:45, gpu2005, 2, 00000000:D8:00.0,43,0,0, fbadichiakher1, pmemd.cuda, 380103
20200715 18:50, gpu2005, 0, 00000000:3B:00.0,33,0,0, poviroh, gmx_mpi, 387987
20200715 18:50, gpu2005, 1, 00000000:AF:00.0,31,0,0, null, null, null
20200715 18:50, gpu2005, 2, 00000000:D8:00.0,45,96,21, fbadichiakher1, pmemd.cuda, 380103
20200715 18:55, gpu2005, 0, 00000000:3B:00.0,33,0,0, poviroh, gmx_mpi, 387987
20200715 18:55, gpu2005, 1, 00000000:AF:00.0,32,0,0, null, null, null
20200715 18:55, gpu2005, 2, 00000000:D8:00.0,45,96,21, fbadichiakher1, pmemd.cuda, 380103
20200715 19:00, gpu2005, 0, 00000000:3B:00.0,33,0,0, poviroh, gmx_mpi, 387987
20200715 19:00, gpu2005, 1, 00000000:AF:00.0,31,0,0, null, null, null
20200715 19:00, gpu2005, 2, 00000000:D8:00.0,44,97,21, fbadichiakher1, pmemd.cuda, 380103
20200715 19:05, gpu2005, 0, 00000000:3B:00.0,33,0,0, poviroh, gmx_mpi, 387987
20200715 19:05, gpu2005, 1, 00000000:AF:00.0,32,0,0, null, null, null
20200715 19:05, gpu2005, 2, 00000000:D8:00.0,44,96,21, fbadichiakher1, pmemd.cuda, 380103
20200715 19:10, gpu2005, 0, 00000000:3B:00.0,33,0,0, poviroh, gmx_mpi, 387987
20200715 19:10, gpu2005, 1, 00000000:AF:00.0,31,0,0, null, null, null
20200715 19:10, gpu2005, 2, 00000000:D8:00.0,42,15,3, fbadichiakher1, pmemd.cuda, 380103
20200715 19:15, gpu2005, 0, 00000000:3B:00.0,33,0,0, poviroh, gmx_mpi, 387987
20200715 19:15, gpu2005, 1, 00000000:AF:00.0,32,0,0, null, null, null
20200715 19:15, gpu2005, 2, 00000000:D8:00.0,45,97,21, fbadichiakher1, pmemd.cuda, 380103
20200715 19:20, gpu2005, 0, 00000000:3B:00.0,32,0,0, poviroh, gmx_mpi, 387987
20200715 19:20, gpu2005, 1, 00000000:AF:00.0,31,0,0, null, null, null
20200715 19:20, gpu2005, 2, 00000000:D8:00.0,42,42,9, fbadichiakher1, pmemd.cuda, 380103
20200715 19:25, gpu2005, 0, 00000000:3B:00.0,33,0,0, poviroh, gmx_mpi, 387987
20200715 19:25, gpu2005, 1, 00000000:AF:00.0,32,0,0, null, null, null
20200715 19:25, gpu2005, 2, 00000000:D8:00.0,45,74,16, fbadichiakher1, pmemd.cuda, 380103
20200715 19:30, gpu2005, 0, 00000000:3B:00.0,33,0,0, poviroh, gmx_mpi, 387987
20200715 19:30, gpu2005, 1, 00000000:AF:00.0,46,81,48, lstrydom, python3, 422014 422204 422205 422206 422207 422208 422209 422210 422211
20200715 19:30, gpu2005, 2, 00000000:D8:00.0,45,96,21, fbadichiakher1, pmemd.cuda, 380103
20200715 19:35, gpu2005, 0, 00000000:3B:00.0,32,0,0, poviroh, gmx_mpi, 387987
20200715 19:35, gpu2005, 1, 00000000:AF:00.0,42,0,0, lstrydom, python3, 422014 423156 423157 423158 423159 423160 423161 423163 423172
20200715 19:35, gpu2005, 2, 00000000:D8:00.0,44,96,21, fbadichiakher1, pmemd.cuda, 380103
20200715 19:40, gpu2005, 0, 00000000:3B:00.0,32,0,0, poviroh, gmx_mpi, 387987
20200715 19:40, gpu2005, 1, 00000000:AF:00.0,49,80,48, lstrydom, python3, 422014 423934 423935 423936 423937 423938 423939 423940 423941
20200715 19:40, gpu2005, 2, 00000000:D8:00.0,44,33,7, fbadichiakher1, pmemd.cuda, 380103
20200715 19:45, gpu2005, 0, 00000000:3B:00.0,33,0,0, poviroh, gmx_mpi, 387987
20200715 19:45, gpu2005, 1, 00000000:AF:00.0,49,79,50, lstrydom, python3, 422014 424803 424804 424805 424806 424807 424808 424809 424810
20200715 19:45, gpu2005, 2, 00000000:D8:00.0,43,37,8, fbadichiakher1, pmemd.cuda, 380103
20200715 19:50, gpu2005, 0, 00000000:3B:00.0,33,0,0, poviroh, gmx_mpi, 387987
20200715 19:50, gpu2005, 1, 00000000:AF:00.0,49,79,51, lstrydom, python3, 422014 425678 425679 425680 425681 425682 425683 425684 425685
20200715 19:50, gpu2005, 2, 00000000:D8:00.0,45,96,21, fbadichiakher1, pmemd.cuda, 380103
20200715 19:55, gpu2005, 0, 00000000:3B:00.0,33,0,0, poviroh, gmx_mpi, 387987
20200715 19:55, gpu2005, 1, 00000000:AF:00.0,46,97,62, lstrydom, python3, 422014 426557 426558 426559 426560 426561 426562 426564 426565
20200715 19:55, gpu2005, 2, 00000000:D8:00.0,44,96,21, fbadichiakher1, pmemd.cuda, 380103
20200715 20:00, gpu2005, 0, 00000000:3B:00.0,33,0,0, poviroh, gmx_mpi, 387987
20200715 20:00, gpu2005, 1, 00000000:AF:00.0,42,0,0, lstrydom, python3, 422014 427448 427449 427452 427453 427465 427466 427467 427468
20200715 20:00, gpu2005, 2, 00000000:D8:00.0,44,84,18, fbadichiakher1, pmemd.cuda, 380103
20200715 20:05, gpu2005, 0, 00000000:3B:00.0,33,0,0, poviroh, gmx_mpi, 387987
20200715 20:05, gpu2005, 1, 00000000:AF:00.0,47,0,0, lstrydom, python3, 422014 428344 428345 428346 428349 428361 428362 428369 428371
20200715 20:05, gpu2005, 2, 00000000:D8:00.0,42,0,0, fbadichiakher1, pmemd.cuda, 380103
20200715 20:10, gpu2005, 0, 00000000:3B:00.0,33,0,0, poviroh, gmx_mpi, 387987
20200715 20:10, gpu2005, 1, 00000000:AF:00.0,49,97,52, lstrydom, python3, 422014 429157 429158 429159 429160 429161 429162 429163 429164
20200715 20:10, gpu2005, 2, 00000000:D8:00.0,42,49,11, fbadichiakher1, pmemd.cuda, 380103
20200715 20:15, gpu2005, 0, 00000000:3B:00.0,33,0,0, poviroh, gmx_mpi, 387987
20200715 20:15, gpu2005, 1, 00000000:AF:00.0,47,80,49, lstrydom, python3, 422014 430067 430068 430069 430070 430071 430072 430073 430074
20200715 20:15, gpu2005, 2, 00000000:D8:00.0,45,96,21, fbadichiakher1, pmemd.cuda, 380103
20200715 20:20, gpu2005, 0, 00000000:3B:00.0,33,0,0, poviroh, gmx_mpi, 387987
20200715 20:20, gpu2005, 1, 00000000:AF:00.0,48,81,52, lstrydom, python3, 422014 430940 430941 430942 430943 430944 430945 430946 430947
20200715 20:20, gpu2005, 2, 00000000:D8:00.0,44,96,21, fbadichiakher1, pmemd.cuda, 380103
20200715 20:25, gpu2005, 0, 00000000:3B:00.0,33,0,0, poviroh, gmx_mpi, 387987
20200715 20:25, gpu2005, 1, 00000000:AF:00.0,42,0,0, lstrydom, python3, 422014 431816 431817 431818 431819 431820 431821 431822 431823
20200715 20:25, gpu2005, 2, 00000000:D8:00.0,43,30,7, fbadichiakher1, pmemd.cuda, 380103
20200715 20:30, gpu2005, 0, 00000000:3B:00.0,33,0,0, poviroh, gmx_mpi, 387987
20200715 20:30, gpu2005, 1, 00000000:AF:00.0,45,0,0, lstrydom, python3, 422014 432720 432721 432722 432723 432724 432725 432726 432727
20200715 20:30, gpu2005, 2, 00000000:D8:00.0,45,97,21, fbadichiakher1, pmemd.cuda, 380103
20200715 20:35, gpu2005, 0, 00000000:3B:00.0,32,0,0, poviroh, gmx_mpi, 387987
20200715 20:35, gpu2005, 1, 00000000:AF:00.0,48,97,58, lstrydom, python3, 422014 433573 433574 433575 433576 433577 433578 433579 433580
20200715 20:35, gpu2005, 2, 00000000:D8:00.0,44,81,18, fbadichiakher1, pmemd.cuda, 380103
20200715 20:40, gpu2005, 0, 00000000:3B:00.0,33,0,0, poviroh, gmx_mpi, 387987
20200715 20:40, gpu2005, 1, 00000000:AF:00.0,48,77,47, lstrydom, python3, 422014 434439 434440 434441 434442 434443 434444 434445 434446
20200715 20:40, gpu2005, 2, 00000000:D8:00.0,44,44,10, fbadichiakher1, pmemd.cuda, 380103
20200715 20:45, gpu2005, 0, 00000000:3B:00.0,33,0,0, poviroh, gmx_mpi, 387987
20200715 20:45, gpu2005, 1, 00000000:AF:00.0,47,46,29, lstrydom, python3, 422014 435315 435316 435317 435318 435320 435321 435322 435323
20200715 20:45, gpu2005, 2, 00000000:D8:00.0,45,96,21, fbadichiakher1, pmemd.cuda, 380103
20200715 20:50, gpu2005, 0, 00000000:3B:00.0,33,0,0, poviroh, gmx_mpi, 387987
20200715 20:50, gpu2005, 1, 00000000:AF:00.0,34,15,0, lstrydom, python3, 422014
20200715 20:50, gpu2005, 2, 00000000:D8:00.0,45,96,21, fbadichiakher1, pmemd.cuda, 380103
20200715 20:55, gpu2005, 0, 00000000:3B:00.0,33,0,0, poviroh, gmx_mpi, 387987
20200715 20:55, gpu2005, 1, 00000000:AF:00.0,31,0,0, null, null, null
20200715 20:55, gpu2005, 2, 00000000:D8:00.0,43,14,3, fbadichiakher1, pmemd.cuda, 380103
20200715 21:00, gpu2005, 0, 00000000:3B:00.0,33,0,0, poviroh, gmx_mpi, 387987
20200715 21:00, gpu2005, 1, 00000000:AF:00.0,32,0,0, null, null, null
20200715 21:00, gpu2005, 2, 00000000:D8:00.0,43,25,6, fbadichiakher1, pmemd.cuda, 380103
20200715 21:05, gpu2005, 0, 00000000:3B:00.0,33,0,0, poviroh, gmx_mpi, 387987
20200715 21:05, gpu2005, 1, 00000000:AF:00.0,32,0,0, null, null, null
20200715 21:05, gpu2005, 2, 00000000:D8:00.0,44,41,9, fbadichiakher1, pmemd.cuda, 380103
20200715 21:10, gpu2005, 0, 00000000:3B:00.0,32,0,0, poviroh, gmx_mpi, 387987
20200715 21:10, gpu2005, 1, 00000000:AF:00.0,31,0,0, null, null, null
20200715 21:10, gpu2005, 2, 00000000:D8:00.0,44,96,21, fbadichiakher1, pmemd.cuda, 380103
20200715 21:15, gpu2005, 0, 00000000:3B:00.0,33,0,0, poviroh, gmx_mpi, 387987
20200715 21:15, gpu2005, 1, 00000000:AF:00.0,46,96,61, lstrydom, python3, 437627 437815 437816 437817 437818 437819 437820 437821 437822
20200715 21:15, gpu2005, 2, 00000000:D8:00.0,45,96,21, fbadichiakher1, pmemd.cuda, 380103
20200715 21:20, gpu2005, 0, 00000000:3B:00.0,33,0,0, poviroh, gmx_mpi, 387987
20200715 21:20, gpu2005, 1, 00000000:AF:00.0,48,82,47, lstrydom, python3, 437627 438683 438684 438685 438686 438687 438688 438689 438690
20200715 21:20, gpu2005, 2, 00000000:D8:00.0,44,0,0, fbadichiakher1, pmemd.cuda, 380103
20200715 21:25, gpu2005, 0, 00000000:3B:00.0,33,0,0, poviroh, gmx_mpi, 387987
20200715 21:25, gpu2005, 1, 00000000:AF:00.0,49,76,51, lstrydom, python3, 437627 439549 439550 439551 439552 439553 439554 439555 439556
20200715 21:25, gpu2005, 2, 00000000:D8:00.0,44,5,1, fbadichiakher1, pmemd.cuda, 380103
20200715 21:30, gpu2005, 0, 00000000:3B:00.0,33,0,0, poviroh, gmx_mpi, 387987
20200715 21:30, gpu2005, 1, 00000000:AF:00.0,49,84,52, lstrydom, python3, 437627 440410 440411 440412 440413 440414 440416 440417 440418
20200715 21:30, gpu2005, 2, 00000000:D8:00.0,43,0,0, fbadichiakher1, pmemd.cuda, 380103
20200715 21:35, gpu2005, 0, 00000000:3B:00.0,33,0,0, null, null, null
20200715 21:35, gpu2005, 1, 00000000:AF:00.0,42,0,0, lstrydom, python3, 437627 441391 441392 441393 441394 441395 441396 441397 441398
20200715 21:35, gpu2005, 2, 00000000:D8:00.0,43,97,21, fbadichiakher1, pmemd.cuda, 380103
20200715 21:40, gpu2005, 0, 00000000:3B:00.0,33,0,0, null, null, null
20200715 21:40, gpu2005, 1, 00000000:AF:00.0,45,58,37, lstrydom, python3, 437627 442238 442239 442240 442241 442242 442243 442244 442245
20200715 21:40, gpu2005, 2, 00000000:D8:00.0,43,71,16, fbadichiakher1, pmemd.cuda, 380103
20200715 21:45, gpu2005, 0, 00000000:3B:00.0,34,0,0, null, null, null
20200715 21:45, gpu2005, 1, 00000000:AF:00.0,48,68,41, lstrydom, python3, 437627 443090 443091 443092 443093 443094 443095 443096 443097
20200715 21:45, gpu2005, 2, 00000000:D8:00.0,44,2,0, fbadichiakher1, pmemd.cuda, 380103
20200715 21:50, gpu2005, 0, 00000000:3B:00.0,33,0,0, null, null, null
20200715 21:50, gpu2005, 1, 00000000:AF:00.0,48,47,26, lstrydom, python3, 437627 443975 443976 443977 443978 443979 443980 443981 443982
20200715 21:50, gpu2005, 2, 00000000:D8:00.0,43,1,0, fbadichiakher1, pmemd.cuda, 380103
20200715 21:55, gpu2005, 0, 00000000:3B:00.0,32,0,0, null, null, null
20200715 21:55, gpu2005, 1, 00000000:AF:00.0,49,82,50, lstrydom, python3, 437627 444825 444826 444827 444828 444829 444830 444831 444832
20200715 21:55, gpu2005, 2, 00000000:D8:00.0,42,96,21, fbadichiakher1, pmemd.cuda, 380103
20200715 22:00, gpu2005, 0, 00000000:3B:00.0,32,0,0, null, null, null
20200715 22:00, gpu2005, 1, 00000000:AF:00.0,49,83,51, lstrydom, python3, 437627 445670 445671 445672 445673 445674 445675 445676 445677
20200715 22:00, gpu2005, 2, 00000000:D8:00.0,44,96,21, fbadichiakher1, pmemd.cuda, 380103
20200715 22:05, gpu2005, 0, 00000000:3B:00.0,32,0,0, null, null, null
20200715 22:05, gpu2005, 1, 00000000:AF:00.0,47,97,60, lstrydom, python3, 437627 446617 446618 446619 446620 446621 446622 446623 446624
20200715 22:05, gpu2005, 2, 00000000:D8:00.0,42,0,0, fbadichiakher1, pmemd.cuda, 380103
20200715 22:10, gpu2005, 0, 00000000:3B:00.0,32,0,0, null, null, null
20200715 22:10, gpu2005, 1, 00000000:AF:00.0,44,0,0, lstrydom, python3, 437627 447525 447526 447527 447528 447529 447530 447531 447532
20200715 22:10, gpu2005, 2, 00000000:D8:00.0,41,0,0, fbadichiakher1, pmemd.cuda, 380103
20200715 22:15, gpu2005, 0, 00000000:3B:00.0,32,0,0, null, null, null
20200715 22:15, gpu2005, 1, 00000000:AF:00.0,42,0,0, lstrydom, python3, 437627 448432 448433 448434 448435 448436 448437 448438 448439
20200715 22:15, gpu2005, 2, 00000000:D8:00.0,43,13,3, fbadichiakher1, pmemd.cuda, 380103
20200715 22:20, gpu2005, 0, 00000000:3B:00.0,32,0,0, null, null, null
20200715 22:20, gpu2005, 1, 00000000:AF:00.0,42,0,0, lstrydom, python3, 437627 449200 449201 449202 449203 449204 449205 449206 449207
20200715 22:20, gpu2005, 2, 00000000:D8:00.0,31,0,0, null, null, null
20200715 22:25, gpu2005, 0, 00000000:3B:00.0,50,84,28, tpadhi, nnet3-train, 452028
20200715 22:25, gpu2005, 1, 00000000:AF:00.0,45,98,55, lstrydom, python3, 437627 452110 452111 452112 452113 452114 452115 452116 452117
20200715 22:25, gpu2005, 2, 00000000:D8:00.0,31,0,0, tpadhi, nnet3-train, 452028
20200715 22:30, gpu2005, 0, 00000000:3B:00.0,51,82,27, tpadhi, nnet3-train, 454355
20200715 22:30, gpu2005, 1, 00000000:AF:00.0,37,22,0, lstrydom, python3, 437627
20200715 22:30, gpu2005, 2, 00000000:D8:00.0,31,0,0, tpadhi, nnet3-train, 454355
20200715 22:35, gpu2005, 0, 00000000:3B:00.0,50,84,28, tpadhi, nnet3-train, 456341
20200715 22:35, gpu2005, 1, 00000000:AF:00.0,31,0,0, null, null, null
20200715 22:35, gpu2005, 2, 00000000:D8:00.0,31,0,0, tpadhi, nnet3-train, 456341
20200715 22:40, gpu2005, 0, 00000000:3B:00.0,50,84,27, tpadhi, nnet3-train, 458252
20200715 22:40, gpu2005, 1, 00000000:AF:00.0,31,0,0, null, null, null
20200715 22:40, gpu2005, 2, 00000000:D8:00.0,31,0,0, tpadhi, nnet3-train, 458252
20200715 22:45, gpu2005, 0, 00000000:3B:00.0,49,85,28, tpadhi, nnet3-train, 1812
20200715 22:45, gpu2005, 1, 00000000:AF:00.0,31,0,0, null, null, null
20200715 22:45, gpu2005, 2, 00000000:D8:00.0,31,0,0, tpadhi, nnet3-train, 1812
20200715 22:50, gpu2005, 0, 00000000:3B:00.0,51,86,29, tpadhi, nnet3-train, 3722
20200715 22:50, gpu2005, 1, 00000000:AF:00.0,31,0,0, null, null, null
20200715 22:50, gpu2005, 2, 00000000:D8:00.0,31,0,0, tpadhi, nnet3-train, 3722
20200715 22:55, gpu2005, 0, 00000000:3B:00.0,50,84,28, tpadhi, nnet3-train, 5638
20200715 22:55, gpu2005, 1, 00000000:AF:00.0,31,0,0, null, null, null
20200715 22:55, gpu2005, 2, 00000000:D8:00.0,31,0,0, tpadhi, nnet3-train, 5638
20200715 23:00, gpu2005, 0, 00000000:3B:00.0,51,84,28, tpadhi, nnet3-train, 7581
20200715 23:00, gpu2005, 1, 00000000:AF:00.0,31,0,0, null, null, null
20200715 23:00, gpu2005, 2, 00000000:D8:00.0,31,0,0, tpadhi, nnet3-train, 7581
20200715 23:05, gpu2005, 0, 00000000:3B:00.0,51,83,28, tpadhi, nnet3-train, 9583
20200715 23:05, gpu2005, 1, 00000000:AF:00.0,31,0,0, null, null, null
20200715 23:05, gpu2005, 2, 00000000:D8:00.0,31,0,0, tpadhi, nnet3-train, 9583
20200715 23:10, gpu2005, 0, 00000000:3B:00.0,49,68,22, tpadhi, [nnet3-train], 11535
20200715 23:10, gpu2005, 1, 00000000:AF:00.0,31,0,0, null, null, null
20200715 23:10, gpu2005, 2, 00000000:D8:00.0,31,1,0, null, null, null
20200715 23:15, gpu2005, 0, 00000000:3B:00.0,51,83,28, tpadhi, nnet3-train, 13583
20200715 23:15, gpu2005, 1, 00000000:AF:00.0,31,0,0, null, null, null
20200715 23:15, gpu2005, 2, 00000000:D8:00.0,31,0,0, tpadhi, [nnet3-train], 13583
20200715 23:20, gpu2005, 0, 00000000:3B:00.0,48,68,22, tpadhi, nnet3-train, 15804
20200715 23:20, gpu2005, 1, 00000000:AF:00.0,31,0,0, null, null, null
20200715 23:20, gpu2005, 2, 00000000:D8:00.0,31,0,0, tpadhi, nnet3-train, 15804
20200715 23:25, gpu2005, 0, 00000000:3B:00.0,45,7,0, tpadhi, nnet3-train, 17774
20200715 23:25, gpu2005, 1, 00000000:AF:00.0,31,0,0, null, null, null
20200715 23:25, gpu2005, 2, 00000000:D8:00.0,31,0,0, tpadhi, nnet3-train, 17774
20200715 23:30, gpu2005, 0, 00000000:3B:00.0,46,9,0, tpadhi, nnet3-train, 19732
20200715 23:30, gpu2005, 1, 00000000:AF:00.0,31,0,0, null, null, null
20200715 23:30, gpu2005, 2, 00000000:D8:00.0,32,0,0, tpadhi, nnet3-train, 19732
20200715 23:35, gpu2005, 0, 00000000:3B:00.0,46,8,0, tpadhi, nnet3-train, 21710
20200715 23:35, gpu2005, 1, 00000000:AF:00.0,32,0,0, null, null, null
20200715 23:35, gpu2005, 2, 00000000:D8:00.0,32,0,0, tpadhi, nnet3-train, 21710
20200715 23:40, gpu2005, 0, 00000000:3B:00.0,49,80,27, tpadhi, nnet3-train, 23624
20200715 23:40, gpu2005, 1, 00000000:AF:00.0,32,0,0, null, null, null
20200715 23:40, gpu2005, 2, 00000000:D8:00.0,32,0,0, tpadhi, nnet3-train, 23624
20200715 23:45, gpu2005, 0, 00000000:3B:00.0,48,72,21, tpadhi, nnet3-train, 25567
20200715 23:45, gpu2005, 1, 00000000:AF:00.0,31,0,0, null, null, null
20200715 23:45, gpu2005, 2, 00000000:D8:00.0,31,0,0, tpadhi, nnet3-train, 25567
20200715 23:50, gpu2005, 0, 00000000:3B:00.0,47,71,21, tpadhi, nnet3-train, 27487
20200715 23:50, gpu2005, 1, 00000000:AF:00.0,31,0,0, null, null, null
20200715 23:50, gpu2005, 2, 00000000:D8:00.0,32,0,0, tpadhi, nnet3-train, 27487
20200715 23:55, gpu2005, 0, 00000000:3B:00.0,50,82,27, tpadhi, nnet3-train, 29416
20200715 23:55, gpu2005, 1, 00000000:AF:00.0,32,0,0, null, null, null
20200715 23:55, gpu2005, 2, 00000000:D8:00.0,32,0,0, tpadhi, nnet3-train, 29416
