20200723 00:00, gpu2005, 0, 00000000:3B:00.0,55,100,45, kweiher, python, 431734 431906 431912 432725 432751 441836 441837 441838 441839 441840 441841
20200723 00:00, gpu2005, 1, 00000000:AF:00.0,50,90,59, kweiher, python, 431269 431734 431906 431912 439382 439383 439384 439385 439386 439387 441836 441837 441838 441839 441840 441841
20200723 00:00, gpu2005, 2, 00000000:D8:00.0,46,83,22, ngumede, python3, 430858 430888 431734 431906 431912 441836 441837 441838 441839 441840 441841
20200723 00:05, gpu2005, 0, 00000000:3B:00.0,55,100,41, kweiher, python, 431734 431906 431912 432725 432751 441836 441837 441838 441839 441840 441841
20200723 00:05, gpu2005, 1, 00000000:AF:00.0,44,0,0, kweiher, python, 431269 431734 431906 431912 441836 441837 441838 441839 441840 441841
20200723 00:05, gpu2005, 2, 00000000:D8:00.0,46,86,22, ngumede, python3, 430858 430888 431734 431906 431912 441836 441837 441838 441839 441840 441841
20200723 00:10, gpu2005, 0, 00000000:3B:00.0,55,100,43, kweiher, python, 431734 431906 431912 432725 432751 443396 443397 443398 443399 443400 443401
20200723 00:10, gpu2005, 1, 00000000:AF:00.0,49,84,58, kweiher, python, 431269 431734 431906 431912 443033 443034 443035 443036 443037 443038 443396 443397 443398 443399 443400 443401
20200723 00:10, gpu2005, 2, 00000000:D8:00.0,45,83,22, ngumede, python3, 430858 430888 431734 431906 431912 443396 443397 443398 443399 443400 443401
20200723 00:15, gpu2005, 0, 00000000:3B:00.0,54,100,47, kweiher, python, 431734 431906 431912 432725 432751 443396 443397 443398 443399 443400 443401
20200723 00:15, gpu2005, 1, 00000000:AF:00.0,49,100,52, kweiher, python, 431269 431734 431906 431912 443033 443034 443035 443036 443037 443038 443396 443397 443398 443399 443400 443401
20200723 00:15, gpu2005, 2, 00000000:D8:00.0,46,85,22, ngumede, python3, 430858 430888 431734 431906 431912 443396 443397 443398 443399 443400 443401
20200723 00:20, gpu2005, 0, 00000000:3B:00.0,55,100,42, kweiher, python, 431734 431906 431912 432725 432751 443396 443397 443398 443399 443400 443401
20200723 00:20, gpu2005, 1, 00000000:AF:00.0,49,100,53, kweiher, python, 431269 431734 431906 431912 443033 443034 443035 443036 443037 443038 443396 443397 443398 443399 443400 443401
20200723 00:20, gpu2005, 2, 00000000:D8:00.0,46,85,22, ngumede, python3, 430858 430888 431734 431906 431912 443396 443397 443398 443399 443400 443401
20200723 00:25, gpu2005, 0, 00000000:3B:00.0,55,100,42, kweiher, python, 431734 431906 431912 432725 432751 444690 444691 444692 444693 444694 444695
20200723 00:25, gpu2005, 1, 00000000:AF:00.0,48,100,48, kweiher, python, 431269 431734 431906 431912 443033 443034 443035 443036 443037 443038 444690 444691 444692 444693 444694 444695
20200723 00:25, gpu2005, 2, 00000000:D8:00.0,46,85,22, ngumede, python3, 430858 430888 431734 431906 431912 444690 444691 444692 444693 444694 444695
20200723 00:30, gpu2005, 0, 00000000:3B:00.0,55,100,43, kweiher, python, 431734 431906 431912 432725 432751 444690 444691 444692 444693 444694 444695
20200723 00:30, gpu2005, 1, 00000000:AF:00.0,49,91,63, kweiher, python, 431269 431734 431906 431912 443033 443034 443035 443036 443037 443038 444690 444691 444692 444693 444694 444695
20200723 00:30, gpu2005, 2, 00000000:D8:00.0,46,85,22, ngumede, python3, 430858 430888 431734 431906 431912 444690 444691 444692 444693 444694 444695
20200723 00:35, gpu2005, 0, 00000000:3B:00.0,55,100,44, kweiher, python, 431734 431906 431912 432725 432751 444690 444691 444692 444693 444694 444695
20200723 00:35, gpu2005, 1, 00000000:AF:00.0,49,89,61, kweiher, python, 431269 431734 431906 431912 443033 443034 443035 443036 443037 443038 444690 444691 444692 444693 444694 444695
20200723 00:35, gpu2005, 2, 00000000:D8:00.0,46,84,22, ngumede, python3, 430858 430888 431734 431906 431912 444690 444691 444692 444693 444694 444695
20200723 00:40, gpu2005, 0, 00000000:3B:00.0,51,83,22, kweiher, python, 431734 431906 431912 432725 432751 446080 446081 446083 446084 446085 446086
20200723 00:40, gpu2005, 1, 00000000:AF:00.0,51,98,56, kweiher, python, 431269 431734 431906 431912 443033 443034 443035 443036 443037 443038 446080 446081 446083 446084 446085 446086
20200723 00:40, gpu2005, 2, 00000000:D8:00.0,46,84,22, ngumede, python3, 430858 430888 431734 431906 431912 446080 446081 446083 446084 446085 446086
20200723 00:45, gpu2005, 0, 00000000:3B:00.0,55,96,35, kweiher, python, 431734 431906 431912 432725 432751 446080 446081 446083 446084 446085 446086
20200723 00:45, gpu2005, 1, 00000000:AF:00.0,48,90,50, kweiher, python, 431269 431734 431906 431912 446080 446081 446083 446084 446085 446086 446727 446728 446729 446730 446731 446732
20200723 00:45, gpu2005, 2, 00000000:D8:00.0,45,84,22, ngumede, python3, 430858 430888 431734 431906 431912 446080 446081 446083 446084 446085 446086
20200723 00:50, gpu2005, 0, 00000000:3B:00.0,54,94,35, kweiher, python, 431734 431906 431912 432725 432751 446080 446081 446083 446084 446085 446086
20200723 00:50, gpu2005, 1, 00000000:AF:00.0,49,83,51, kweiher, python, 431269 431734 431906 431912 446080 446081 446083 446084 446085 446086 446727 446728 446729 446730 446731 446732
20200723 00:50, gpu2005, 2, 00000000:D8:00.0,46,85,22, ngumede, python3, 430858 430888 431734 431906 431912 446080 446081 446083 446084 446085 446086
20200723 00:55, gpu2005, 0, 00000000:3B:00.0,55,100,43, kweiher, python, 431734 431906 431912 432725 432751 447644 447645 447646 447647 447648 447649
20200723 00:55, gpu2005, 1, 00000000:AF:00.0,49,93,61, kweiher, python, 431269 431734 431906 431912 446727 446728 446729 446730 446731 446732 447644 447645 447646 447647 447648 447649
20200723 00:55, gpu2005, 2, 00000000:D8:00.0,46,82,22, ngumede, python3, 430858 430888 431734 431906 431912 447644 447645 447646 447647 447648 447649
20200723 01:00, gpu2005, 0, 00000000:3B:00.0,55,100,42, kweiher, python, 431734 431906 431912 432725 432751 447644 447645 447646 447647 447648 447649
20200723 01:00, gpu2005, 1, 00000000:AF:00.0,48,89,62, kweiher, python, 431269 431734 431906 431912 446727 446728 446729 446730 446731 446732 447644 447645 447646 447647 447648 447649
20200723 01:00, gpu2005, 2, 00000000:D8:00.0,46,84,22, ngumede, python3, 430858 430888 431734 431906 431912 447644 447645 447646 447647 447648 447649
20200723 01:05, gpu2005, 0, 00000000:3B:00.0,55,100,42, kweiher, python, 431734 431906 431912 432725 432751 447644 447645 447646 447647 447648 447649
20200723 01:05, gpu2005, 1, 00000000:AF:00.0,48,86,54, kweiher, python, 431269 431734 431906 431912 446727 446728 446729 446730 446731 446732 447644 447645 447646 447647 447648 447649
20200723 01:05, gpu2005, 2, 00000000:D8:00.0,45,85,22, ngumede, python3, 430858 430888 431734 431906 431912 447644 447645 447646 447647 447648 447649
20200723 01:10, gpu2005, 0, 00000000:3B:00.0,55,100,49, kweiher, python, 431734 431906 431912 432725 432751 449003 449004 449005 449006 449007 449008
20200723 01:10, gpu2005, 1, 00000000:AF:00.0,49,75,51, kweiher, python, 431269 431734 431906 431912 446727 446728 446729 446730 446731 446732 449003 449004 449005 449006 449007 449008
20200723 01:10, gpu2005, 2, 00000000:D8:00.0,46,85,22, ngumede, python3, 430858 430888 431734 431906 431912 449003 449004 449005 449006 449007 449008
20200723 01:15, gpu2005, 0, 00000000:3B:00.0,56,100,42, kweiher, python, 431734 431906 431912 432725 432751 449003 449004 449005 449006 449007 449008
20200723 01:15, gpu2005, 1, 00000000:AF:00.0,50,84,56, kweiher, python, 431269 431734 431906 431912 446727 446728 446729 446730 446731 446732 449003 449004 449005 449006 449007 449008
20200723 01:15, gpu2005, 2, 00000000:D8:00.0,46,85,22, ngumede, python3, 430858 430888 431734 431906 431912 449003 449004 449005 449006 449007 449008
20200723 01:20, gpu2005, 0, 00000000:3B:00.0,54,100,38, kweiher, python, 431734 431906 431912 432725 432751 450437 450438 450439 450440 450441 450442
20200723 01:20, gpu2005, 1, 00000000:AF:00.0,48,83,39, kweiher, python, 431269 431734 431906 431912 450260 450261 450262 450263 450264 450265 450437 450438 450439 450440 450441 450442
20200723 01:20, gpu2005, 2, 00000000:D8:00.0,45,85,22, ngumede, python3, 430858 430888 431734 431906 431912 450437 450438 450439 450440 450441 450442
20200723 01:25, gpu2005, 0, 00000000:3B:00.0,56,100,43, kweiher, python, 431734 431906 431912 432725 432751 450437 450438 450439 450440 450441 450442
20200723 01:25, gpu2005, 1, 00000000:AF:00.0,49,86,57, kweiher, python, 431269 431734 431906 431912 450260 450261 450262 450263 450264 450265 450437 450438 450439 450440 450441 450442
20200723 01:25, gpu2005, 2, 00000000:D8:00.0,46,85,22, ngumede, python3, 430858 430888 431734 431906 431912 450437 450438 450439 450440 450441 450442
20200723 01:30, gpu2005, 0, 00000000:3B:00.0,55,100,42, kweiher, python, 431734 431906 431912 432725 432751 450437 450438 450439 450440 450441 450442
20200723 01:30, gpu2005, 1, 00000000:AF:00.0,49,93,62, kweiher, python, 431269 431734 431906 431912 450260 450261 450262 450263 450264 450265 450437 450438 450439 450440 450441 450442
20200723 01:30, gpu2005, 2, 00000000:D8:00.0,45,85,22, ngumede, python3, 430858 430888 431734 431906 431912 450437 450438 450439 450440 450441 450442
20200723 01:35, gpu2005, 0, 00000000:3B:00.0,55,96,35, kweiher, python, 431734 431906 431912 432725 432751 451807 451808 451809 451810 451811 451812
20200723 01:35, gpu2005, 1, 00000000:AF:00.0,49,91,60, kweiher, python, 431269 431734 431906 431912 450260 450261 450262 450263 450264 450265 451807 451808 451809 451810 451811 451812
20200723 01:35, gpu2005, 2, 00000000:D8:00.0,46,38,10, ngumede, python3, 430858 430888 431734 431906 431912 451807 451808 451809 451810 451811 451812
20200723 01:40, gpu2005, 0, 00000000:3B:00.0,55,100,43, kweiher, python, 431734 431906 431912 432725 432751 451807 451808 451809 451810 451811 451812
20200723 01:40, gpu2005, 1, 00000000:AF:00.0,49,66,51, kweiher, python, 431269 431734 431906 431912 450260 450261 450262 450263 450264 450265 451807 451808 451809 451810 451811 451812
20200723 01:40, gpu2005, 2, 00000000:D8:00.0,46,79,21, ngumede, python3, 430858 430888 431734 431906 431912 451807 451808 451809 451810 451811 451812
20200723 01:45, gpu2005, 0, 00000000:3B:00.0,55,100,43, kweiher, python, 431734 431906 431912 432725 432751 451807 451808 451809 451810 451811 451812
20200723 01:45, gpu2005, 1, 00000000:AF:00.0,48,98,57, kweiher, python, 431269 431734 431906 431912 450260 450261 450262 450263 450264 450265 451807 451808 451809 451810 451811 451812
20200723 01:45, gpu2005, 2, 00000000:D8:00.0,46,85,22, ngumede, python3, 430858 430888 431734 431906 431912 451807 451808 451809 451810 451811 451812
20200723 01:50, gpu2005, 0, 00000000:3B:00.0,54,100,42, kweiher, python, 431734 431906 431912 432725 432751 453262 453263 453264 453265 453266 453267
20200723 01:50, gpu2005, 1, 00000000:AF:00.0,50,98,47, kweiher, python, 431269 431734 431906 431912 450260 450261 450262 450263 450264 450265 453262 453263 453264 453265 453266 453267
20200723 01:50, gpu2005, 2, 00000000:D8:00.0,45,84,22, ngumede, python3, 430858 430888 431734 431906 431912 453262 453263 453264 453265 453266 453267
20200723 01:55, gpu2005, 0, 00000000:3B:00.0,56,100,42, kweiher, python, 431734 431906 431912 432725 432751 453262 453263 453264 453265 453266 453267
20200723 01:55, gpu2005, 1, 00000000:AF:00.0,50,84,41, kweiher, python, 431269 431734 431906 431912 450260 450261 450262 450263 450264 450265 453262 453263 453264 453265 453266 453267
20200723 01:55, gpu2005, 2, 00000000:D8:00.0,46,84,22, ngumede, python3, 430858 430888 431734 431906 431912 453262 453263 453264 453265 453266 453267
20200723 02:00, gpu2005, 0, 00000000:3B:00.0,54,100,38, kweiher, python, 431734 431906 431912 432725 432751 453262 453263 453264 453265 453266 453267
20200723 02:00, gpu2005, 1, 00000000:AF:00.0,48,97,49, kweiher, python, 431269 431734 431906 431912 453262 453263 453264 453265 453266 453267 454100 454101 454102 454103 454104 454105
20200723 02:00, gpu2005, 2, 00000000:D8:00.0,45,85,22, ngumede, python3, 430858 430888 431734 431906 431912 453262 453263 453264 453265 453266 453267
20200723 02:05, gpu2005, 0, 00000000:3B:00.0,50,100,43, kweiher, python, 431734 431906 431912 432725 432751 455134 455135 455136 455137 455138 455139
20200723 02:05, gpu2005, 1, 00000000:AF:00.0,39,0,0, kweiher, python, 431269 431734 431906 431912 454100 454101 454102 454103 454104 454105 455134 455135 455136 455137 455138 455139
20200723 02:05, gpu2005, 2, 00000000:D8:00.0,44,86,22, ngumede, python3, 430858 430888 431734 431906 431912 455134 455135 455136 455137 455138 455139
20200723 02:10, gpu2005, 0, 00000000:3B:00.0,54,100,42, kweiher, python, 431734 431906 431912 432725 432751 455134 455135 455136 455137 455138 455139
20200723 02:10, gpu2005, 1, 00000000:AF:00.0,48,95,66, kweiher, python, 431269 431734 431906 431912 454100 454101 454102 454103 454104 454105 455134 455135 455136 455137 455138 455139
20200723 02:10, gpu2005, 2, 00000000:D8:00.0,44,44,11, ngumede, python3, 430858 430888 431734 431906 431912 455134 455135 455136 455137 455138 455139
20200723 02:15, gpu2005, 0, 00000000:3B:00.0,54,100,43, kweiher, python, 431734 431906 431912 432725 432751 455134 455135 455136 455137 455138 455139
20200723 02:15, gpu2005, 1, 00000000:AF:00.0,47,92,61, kweiher, python, 431269 431734 431906 431912 454100 454101 454102 454103 454104 454105 455134 455135 455136 455137 455138 455139
20200723 02:15, gpu2005, 2, 00000000:D8:00.0,45,85,22, ngumede, python3, 430858 430888 431734 431906 431912 455134 455135 455136 455137 455138 455139
20200723 02:20, gpu2005, 0, 00000000:3B:00.0,54,100,42, kweiher, python, 431734 431906 431912 432725 432751 456522 456523 456524 456525 456526 456527
20200723 02:20, gpu2005, 1, 00000000:AF:00.0,47,97,49, kweiher, python, 431269 431734 431906 431912 454100 454101 454102 454103 454104 454105 456522 456523 456524 456525 456526 456527
20200723 02:20, gpu2005, 2, 00000000:D8:00.0,45,85,22, ngumede, python3, 430858 430888 431734 431906 431912 456522 456523 456524 456525 456526 456527
20200723 02:25, gpu2005, 0, 00000000:3B:00.0,54,100,42, kweiher, python, 431734 431906 431912 432725 432751 456522 456523 456524 456525 456526 456527
20200723 02:25, gpu2005, 1, 00000000:AF:00.0,48,90,60, kweiher, python, 431269 431734 431906 431912 454100 454101 454102 454103 454104 454105 456522 456523 456524 456525 456526 456527
20200723 02:25, gpu2005, 2, 00000000:D8:00.0,45,85,22, ngumede, python3, 430858 430888 431734 431906 431912 456522 456523 456524 456525 456526 456527
20200723 02:30, gpu2005, 0, 00000000:3B:00.0,53,100,40, kweiher, python, 431734 431906 431912 432725 432751 456522 456523 456524 456525 456526 456527
20200723 02:30, gpu2005, 1, 00000000:AF:00.0,49,98,46, kweiher, python, 431269 431734 431906 431912 454100 454101 454102 454103 454104 454105 456522 456523 456524 456525 456526 456527
20200723 02:30, gpu2005, 2, 00000000:D8:00.0,45,84,22, ngumede, python3, 430858 430888 431734 431906 431912 456522 456523 456524 456525 456526 456527
20200723 02:35, gpu2005, 0, 00000000:3B:00.0,54,99,44, kweiher, python, 431734 431906 431912 432725 432751 457961 457962 457963 457964 457965 457966
20200723 02:35, gpu2005, 1, 00000000:AF:00.0,44,63,32, kweiher, python, 431269 431734 431906 431912 457961 457962 457963 457964 457965 457966
20200723 02:35, gpu2005, 2, 00000000:D8:00.0,45,85,22, ngumede, python3, 430858 430888 431734 431906 431912 457961 457962 457963 457964 457965 457966
20200723 02:40, gpu2005, 0, 00000000:3B:00.0,54,98,39, kweiher, python, 431734 431906 431912 432725 432751 457961 457962 457963 457964 457965 457966
20200723 02:40, gpu2005, 1, 00000000:AF:00.0,49,98,46, kweiher, python, 431269 431734 431906 431912 457961 457962 457963 457964 457965 457966 458339 458340 458341 458342 458343 458344
20200723 02:40, gpu2005, 2, 00000000:D8:00.0,45,84,22, ngumede, python3, 430858 430888 431734 431906 431912 457961 457962 457963 457964 457965 457966
20200723 02:45, gpu2005, 0, 00000000:3B:00.0,54,100,45, kweiher, python, 431734 431906 431912 432725 432751 457961 457962 457963 457964 457965 457966
20200723 02:45, gpu2005, 1, 00000000:AF:00.0,48,84,58, kweiher, python, 431269 431734 431906 431912 457961 457962 457963 457964 457965 457966 458339 458340 458341 458342 458343 458344
20200723 02:45, gpu2005, 2, 00000000:D8:00.0,45,85,22, ngumede, python3, 430858 430888 431734 431906 431912 457961 457962 457963 457964 457965 457966
20200723 02:50, gpu2005, 0, 00000000:3B:00.0,54,100,42, kweiher, python, 1115 1116 1117 1118 1119 1120 431734 431906 431912 432725 432751
20200723 02:50, gpu2005, 1, 00000000:AF:00.0,49,91,60, kweiher, python, 1115 1116 1117 1118 1119 1120 431269 431734 431906 431912 458339 458340 458341 458342 458343 458344
20200723 02:50, gpu2005, 2, 00000000:D8:00.0,45,83,22, kweiher, python, 1115 1116 1117 1118 1119 1120 430858 430888 431734 431906 431912
20200723 02:55, gpu2005, 0, 00000000:3B:00.0,54,100,42, kweiher, python, 1115 1116 1117 1118 1119 1120 431734 431906 431912 432725 432751
20200723 02:55, gpu2005, 1, 00000000:AF:00.0,48,100,48, kweiher, python, 1115 1116 1117 1118 1119 1120 431269 431734 431906 431912 458339 458340 458341 458342 458343 458344
20200723 02:55, gpu2005, 2, 00000000:D8:00.0,45,84,22, kweiher, python, 1115 1116 1117 1118 1119 1120 430858 430888 431734 431906 431912
20200723 03:00, gpu2005, 0, 00000000:3B:00.0,54,100,41, kweiher, python, 1115 1116 1117 1118 1119 1120 431734 431906 431912 432725 432751
20200723 03:00, gpu2005, 1, 00000000:AF:00.0,48,98,53, kweiher, python, 1115 1116 1117 1118 1119 1120 431269 431734 431906 431912 458339 458340 458341 458342 458343 458344
20200723 03:00, gpu2005, 2, 00000000:D8:00.0,45,84,22, kweiher, python, 1115 1116 1117 1118 1119 1120 430858 430888 431734 431906 431912
20200723 03:05, gpu2005, 0, 00000000:3B:00.0,54,100,38, kweiher, python, 2488 2489 2490 2491 2492 2494 431734 431906 431912 432725 432751
20200723 03:05, gpu2005, 1, 00000000:AF:00.0,48,89,57, kweiher, python, 2488 2489 2490 2491 2492 2494 431269 431734 431906 431912 458339 458340 458341 458342 458343 458344
20200723 03:05, gpu2005, 2, 00000000:D8:00.0,45,83,21, kweiher, python, 2488 2489 2490 2491 2492 2494 430858 430888 431734 431906 431912
20200723 03:10, gpu2005, 0, 00000000:3B:00.0,54,95,35, kweiher, python, 2488 2489 2490 2491 2492 2494 431734 431906 431912 432725 432751
20200723 03:10, gpu2005, 1, 00000000:AF:00.0,46,0,0, kweiher, python, 2488 2489 2490 2491 2492 2494 431269 431734 431906 431912 458339 458340 458341 458342 458343 458344
20200723 03:10, gpu2005, 2, 00000000:D8:00.0,45,84,22, kweiher, python, 2488 2489 2490 2491 2492 2494 430858 430888 431734 431906 431912
20200723 03:15, gpu2005, 0, 00000000:3B:00.0,54,100,43, kweiher, python, 2488 2489 2490 2491 2492 2494 431734 431906 431912 432725 432751
20200723 03:15, gpu2005, 1, 00000000:AF:00.0,48,59,29, kweiher, python, 2488 2489 2490 2491 2492 2494 3465 3466 3467 3468 3469 3470 431269 431734 431906 431912
20200723 03:15, gpu2005, 2, 00000000:D8:00.0,45,84,22, kweiher, python, 2488 2489 2490 2491 2492 2494 430858 430888 431734 431906 431912
20200723 03:20, gpu2005, 0, 00000000:3B:00.0,54,100,47, kweiher, python, 3985 3986 3987 3988 3989 3990 431734 431906 431912 432725 432751
20200723 03:20, gpu2005, 1, 00000000:AF:00.0,48,91,55, kweiher, python, 3465 3466 3467 3468 3469 3470 3985 3986 3987 3988 3989 3990 431269 431734 431906 431912
20200723 03:20, gpu2005, 2, 00000000:D8:00.0,45,86,22, kweiher, python, 3985 3986 3987 3988 3989 3990 430858 430888 431734 431906 431912
20200723 03:25, gpu2005, 0, 00000000:3B:00.0,54,100,42, kweiher, python, 3985 3986 3987 3988 3989 3990 431734 431906 431912 432725 432751
20200723 03:25, gpu2005, 1, 00000000:AF:00.0,48,89,53, kweiher, python, 3465 3466 3467 3468 3469 3470 3985 3986 3987 3988 3989 3990 431269 431734 431906 431912
20200723 03:25, gpu2005, 2, 00000000:D8:00.0,45,86,22, kweiher, python, 3985 3986 3987 3988 3989 3990 430858 430888 431734 431906 431912
20200723 03:30, gpu2005, 0, 00000000:3B:00.0,53,100,38, kweiher, python, 5243 5244 5245 5246 5247 5248 431734 431906 431912 432725 432751
20200723 03:30, gpu2005, 1, 00000000:AF:00.0,48,85,43, kweiher, python, 3465 3466 3467 3468 3469 3470 5243 5244 5245 5246 5247 5248 431269 431734 431906 431912
20200723 03:30, gpu2005, 2, 00000000:D8:00.0,45,85,22, kweiher, python, 5243 5244 5245 5246 5247 5248 430858 430888 431734 431906 431912
20200723 03:35, gpu2005, 0, 00000000:3B:00.0,53,100,44, kweiher, python, 5243 5244 5245 5246 5247 5248 431734 431906 431912 432725 432751
20200723 03:35, gpu2005, 1, 00000000:AF:00.0,48,81,36, kweiher, python, 3465 3466 3467 3468 3469 3470 5243 5244 5245 5246 5247 5248 431269 431734 431906 431912
20200723 03:35, gpu2005, 2, 00000000:D8:00.0,45,85,22, kweiher, python, 5243 5244 5245 5246 5247 5248 430858 430888 431734 431906 431912
20200723 03:40, gpu2005, 0, 00000000:3B:00.0,54,98,42, kweiher, python, 5243 5244 5245 5246 5247 5248 431734 431906 431912 432725 432751
20200723 03:40, gpu2005, 1, 00000000:AF:00.0,48,91,60, kweiher, python, 3465 3466 3467 3468 3469 3470 5243 5244 5245 5246 5247 5248 431269 431734 431906 431912
20200723 03:40, gpu2005, 2, 00000000:D8:00.0,45,83,22, kweiher, python, 5243 5244 5245 5246 5247 5248 430858 430888 431734 431906 431912
20200723 03:45, gpu2005, 0, 00000000:3B:00.0,54,100,43, kweiher, python, 6611 6612 6613 6614 6615 6616 431734 431906 431912 432725 432751
20200723 03:45, gpu2005, 1, 00000000:AF:00.0,49,89,57, kweiher, python, 3465 3466 3467 3468 3469 3470 6611 6612 6613 6614 6615 6616 431269 431734 431906 431912
20200723 03:45, gpu2005, 2, 00000000:D8:00.0,45,84,22, kweiher, python, 6611 6612 6613 6614 6615 6616 430858 430888 431734 431906 431912
20200723 03:50, gpu2005, 0, 00000000:3B:00.0,55,100,43, kweiher, python, 6611 6612 6613 6614 6615 6616 431734 431906 431912 432725 432751
20200723 03:50, gpu2005, 1, 00000000:AF:00.0,48,100,48, kweiher, python, 6611 6612 6613 6614 6615 6616 7153 7154 7155 7156 7157 7158 431269 431734 431906 431912
20200723 03:50, gpu2005, 2, 00000000:D8:00.0,45,86,22, kweiher, python, 6611 6612 6613 6614 6615 6616 430858 430888 431734 431906 431912
20200723 03:55, gpu2005, 0, 00000000:3B:00.0,54,99,42, kweiher, python, 6611 6612 6613 6614 6615 6616 431734 431906 431912 432725 432751
20200723 03:55, gpu2005, 1, 00000000:AF:00.0,49,98,57, kweiher, python, 6611 6612 6613 6614 6615 6616 7153 7154 7155 7156 7157 7158 431269 431734 431906 431912
20200723 03:55, gpu2005, 2, 00000000:D8:00.0,45,84,22, kweiher, python, 6611 6612 6613 6614 6615 6616 430858 430888 431734 431906 431912
20200723 04:00, gpu2005, 0, 00000000:3B:00.0,54,100,44, kweiher, python, 8105 8106 8107 8108 8109 8110 431734 431906 431912 432725 432751
20200723 04:00, gpu2005, 1, 00000000:AF:00.0,48,93,52, kweiher, python, 7153 7154 7155 7156 7157 7158 8105 8106 8107 8108 8109 8110 431269 431734 431906 431912
20200723 04:00, gpu2005, 2, 00000000:D8:00.0,45,86,22, kweiher, python, 8105 8106 8107 8108 8109 8110 430858 430888 431734 431906 431912
20200723 04:05, gpu2005, 0, 00000000:3B:00.0,54,100,49, kweiher, python, 8105 8106 8107 8108 8109 8110 431734 431906 431912 432725 432751
20200723 04:05, gpu2005, 1, 00000000:AF:00.0,48,64,41, kweiher, python, 7153 7154 7155 7156 7157 7158 8105 8106 8107 8108 8109 8110 431269 431734 431906 431912
20200723 04:05, gpu2005, 2, 00000000:D8:00.0,31,0,0, kweiher, python, 8105 8106 8107 8108 8109 8110 431734 431906 431912
20200723 04:10, gpu2005, 0, 00000000:3B:00.0,54,100,42, kweiher, python, 8105 8106 8107 8108 8109 8110 431734 431906 431912 432725 432751
20200723 04:10, gpu2005, 1, 00000000:AF:00.0,49,90,60, kweiher, python, 7153 7154 7155 7156 7157 7158 8105 8106 8107 8108 8109 8110 431269 431734 431906 431912
20200723 04:10, gpu2005, 2, 00000000:D8:00.0,31,0,0, kweiher, python, 8105 8106 8107 8108 8109 8110 431734 431906 431912
20200723 04:15, gpu2005, 0, 00000000:3B:00.0,54,100,43, kweiher, python, 9565 9566 9567 9568 9569 9570 431734 431906 431912 432725 432751
20200723 04:15, gpu2005, 1, 00000000:AF:00.0,49,92,61, kweiher, python, 7153 7154 7155 7156 7157 7158 9565 9566 9567 9568 9569 9570 431269 431734 431906 431912
20200723 04:15, gpu2005, 2, 00000000:D8:00.0,31,0,0, kweiher, python, 9565 9566 9567 9568 9569 9570 431734 431906 431912
20200723 04:20, gpu2005, 0, 00000000:3B:00.0,55,100,45, kweiher, python, 9565 9566 9567 9568 9569 9570 431734 431906 431912 432725 432751
20200723 04:20, gpu2005, 1, 00000000:AF:00.0,49,86,59, kweiher, python, 7153 7154 7155 7156 7157 7158 9565 9566 9567 9568 9569 9570 431269 431734 431906 431912
20200723 04:20, gpu2005, 2, 00000000:D8:00.0,31,0,0, kweiher, python, 9565 9566 9567 9568 9569 9570 431734 431906 431912
20200723 04:25, gpu2005, 0, 00000000:3B:00.0,55,100,39, kweiher, python, 9565 9566 9567 9568 9569 9570 431734 431906 431912 432725 432751
20200723 04:25, gpu2005, 1, 00000000:AF:00.0,48,88,58, kweiher, python, 7153 7154 7155 7156 7157 7158 9565 9566 9567 9568 9569 9570 431269 431734 431906 431912
20200723 04:25, gpu2005, 2, 00000000:D8:00.0,31,0,0, kweiher, python, 9565 9566 9567 9568 9569 9570 431734 431906 431912
20200723 04:30, gpu2005, 0, 00000000:3B:00.0,54,100,45, kweiher, python, 11050 11051 11052 11053 11054 11055 431734 431906 431912 432725 432751
20200723 04:30, gpu2005, 1, 00000000:AF:00.0,49,91,60, kweiher, python, 10763 10764 10765 10766 10767 10768 11050 11051 11052 11053 11054 11055 431269 431734 431906 431912
20200723 04:30, gpu2005, 2, 00000000:D8:00.0,30,0,0, kweiher, python, 11050 11051 11052 11053 11054 11055 431734 431906 431912
20200723 04:35, gpu2005, 0, 00000000:3B:00.0,54,100,41, kweiher, python, 11050 11051 11052 11053 11054 11055 431734 431906 431912 432725 432751
20200723 04:35, gpu2005, 1, 00000000:AF:00.0,48,93,51, kweiher, python, 10763 10764 10765 10766 10767 10768 11050 11051 11052 11053 11054 11055 431269 431734 431906 431912
20200723 04:35, gpu2005, 2, 00000000:D8:00.0,31,0,0, kweiher, python, 11050 11051 11052 11053 11054 11055 431734 431906 431912
20200723 04:40, gpu2005, 0, 00000000:3B:00.0,54,100,38, kweiher, python, 11050 11051 11052 11053 11054 11055 431734 431906 431912 432725 432751
20200723 04:40, gpu2005, 1, 00000000:AF:00.0,49,98,46, kweiher, python, 10763 10764 10765 10766 10767 10768 11050 11051 11052 11053 11054 11055 431269 431734 431906 431912
20200723 04:40, gpu2005, 2, 00000000:D8:00.0,30,0,0, kweiher, python, 11050 11051 11052 11053 11054 11055 431734 431906 431912
20200723 04:45, gpu2005, 0, 00000000:3B:00.0,54,100,42, kweiher, python, 12425 12426 12427 12429 12430 12431 431734 431906 431912 432725 432751
20200723 04:45, gpu2005, 1, 00000000:AF:00.0,48,89,61, kweiher, python, 10763 10764 10765 10766 10767 10768 12425 12426 12427 12429 12430 12431 431269 431734 431906 431912
20200723 04:45, gpu2005, 2, 00000000:D8:00.0,30,0,0, kweiher, python, 12425 12426 12427 12429 12430 12431 431734 431906 431912
20200723 04:50, gpu2005, 0, 00000000:3B:00.0,54,100,42, kweiher, python, 12425 12426 12427 12429 12430 12431 431734 431906 431912 432725 432751
20200723 04:50, gpu2005, 1, 00000000:AF:00.0,49,91,60, kweiher, python, 10763 10764 10765 10766 10767 10768 12425 12426 12427 12429 12430 12431 431269 431734 431906 431912
20200723 04:50, gpu2005, 2, 00000000:D8:00.0,30,0,0, kweiher, python, 12425 12426 12427 12429 12430 12431 431734 431906 431912
20200723 04:55, gpu2005, 0, 00000000:3B:00.0,52,100,42, kweiher, python, 13743 13744 13745 13746 13747 13748 431734 431906 431912 432725 432751
20200723 04:55, gpu2005, 1, 00000000:AF:00.0,48,92,50, kweiher, python, 10763 10764 10765 10766 10767 10768 13743 13744 13745 13746 13747 13748 431269 431734 431906 431912
20200723 04:55, gpu2005, 2, 00000000:D8:00.0,30,0,0, kweiher, python, 13743 13744 13745 13746 13747 13748 431734 431906 431912
20200723 05:00, gpu2005, 0, 00000000:3B:00.0,54,100,42, kweiher, python, 13743 13744 13745 13746 13747 13748 431734 431906 431912 432725 432751
20200723 05:00, gpu2005, 1, 00000000:AF:00.0,49,98,46, kweiher, python, 10763 10764 10765 10766 10767 10768 13743 13744 13745 13746 13747 13748 431269 431734 431906 431912
20200723 05:00, gpu2005, 2, 00000000:D8:00.0,30,0,0, kweiher, python, 13743 13744 13745 13746 13747 13748 431734 431906 431912
20200723 05:05, gpu2005, 0, 00000000:3B:00.0,48,99,43, kweiher, python, 13743 13744 13745 13746 13747 13748 431734 431906 431912 432725 432751
20200723 05:05, gpu2005, 1, 00000000:AF:00.0,44,96,61, kweiher, python, 13743 13744 13745 13746 13747 13748 14659 14660 14661 14662 14663 14664 431269 431734 431906 431912
20200723 05:05, gpu2005, 2, 00000000:D8:00.0,31,0,0, kweiher, python, 13743 13744 13745 13746 13747 13748 431734 431906 431912
20200723 05:10, gpu2005, 0, 00000000:3B:00.0,54,100,40, kweiher, python, 13743 13744 13745 13746 13747 13748 431734 431906 431912 432725 432751
20200723 05:10, gpu2005, 1, 00000000:AF:00.0,48,96,50, kweiher, python, 13743 13744 13745 13746 13747 13748 14659 14660 14661 14662 14663 14664 431269 431734 431906 431912
20200723 05:10, gpu2005, 2, 00000000:D8:00.0,31,0,0, kweiher, python, 13743 13744 13745 13746 13747 13748 431734 431906 431912
20200723 05:15, gpu2005, 0, 00000000:3B:00.0,55,100,44, kweiher, python, 15634 15635 15636 15637 15638 15640 431734 431906 431912 432725 432751
20200723 05:15, gpu2005, 1, 00000000:AF:00.0,49,84,40, kweiher, python, 14659 14660 14661 14662 14663 14664 15634 15635 15636 15637 15638 15640 431269 431734 431906 431912
20200723 05:15, gpu2005, 2, 00000000:D8:00.0,32,0,0, kweiher, python, 15634 15635 15636 15637 15638 15640 431734 431906 431912
20200723 05:20, gpu2005, 0, 00000000:3B:00.0,54,100,38, kweiher, python, 15634 15635 15636 15637 15638 15640 431734 431906 431912 432725 432751
20200723 05:20, gpu2005, 1, 00000000:AF:00.0,49,93,60, kweiher, python, 14659 14660 14661 14662 14663 14664 15634 15635 15636 15637 15638 15640 431269 431734 431906 431912
20200723 05:20, gpu2005, 2, 00000000:D8:00.0,31,0,0, kweiher, python, 15634 15635 15636 15637 15638 15640 431734 431906 431912
20200723 05:25, gpu2005, 0, 00000000:3B:00.0,51,82,22, kweiher, python, 431734 431906 431912 432725 432751
20200723 05:25, gpu2005, 1, 00000000:AF:00.0,48,96,50, kweiher, python, 14659 14660 14661 14662 14663 14664 431269 431734 431906 431912
20200723 05:25, gpu2005, 2, 00000000:D8:00.0,31,0,0, kweiher, python, 431734 431906 431912
20200723 05:30, gpu2005, 0, 00000000:3B:00.0,54,99,41, kweiher, python, 16916 16918 16919 16920 16922 16923 431734 431906 431912 432725 432751
20200723 05:30, gpu2005, 1, 00000000:AF:00.0,49,100,48, kweiher, python, 14659 14660 14661 14662 14663 14664 16916 16918 16919 16920 16922 16923 431269 431734 431906 431912
20200723 05:30, gpu2005, 2, 00000000:D8:00.0,31,0,0, kweiher, python, 16916 16918 16919 16920 16922 16923 431734 431906 431912
20200723 05:35, gpu2005, 0, 00000000:3B:00.0,54,100,42, kweiher, python, 16916 16918 16919 16920 16922 16923 431734 431906 431912 432725 432751
20200723 05:35, gpu2005, 1, 00000000:AF:00.0,49,98,47, kweiher, python, 14659 14660 14661 14662 14663 14664 16916 16918 16919 16920 16922 16923 431269 431734 431906 431912
20200723 05:35, gpu2005, 2, 00000000:D8:00.0,31,0,0, kweiher, python, 16916 16918 16919 16920 16922 16923 431734 431906 431912
20200723 05:40, gpu2005, 0, 00000000:3B:00.0,54,100,39, kweiher, python, 18258 18259 18260 18261 18262 18263 431734 431906 431912 432725 432751
20200723 05:40, gpu2005, 1, 00000000:AF:00.0,48,92,51, kweiher, python, 14659 14660 14661 14662 14663 14664 18258 18259 18260 18261 18262 18263 431269 431734 431906 431912
20200723 05:40, gpu2005, 2, 00000000:D8:00.0,30,0,0, kweiher, python, 18258 18259 18260 18261 18262 18263 431734 431906 431912
20200723 05:45, gpu2005, 0, 00000000:3B:00.0,55,100,43, kweiher, python, 18258 18259 18260 18261 18262 18263 431734 431906 431912 432725 432751
20200723 05:45, gpu2005, 1, 00000000:AF:00.0,49,93,61, kweiher, python, 18258 18259 18260 18261 18262 18263 18601 18602 18603 18604 18605 18606 431269 431734 431906 431912
20200723 05:45, gpu2005, 2, 00000000:D8:00.0,31,0,0, kweiher, python, 18258 18259 18260 18261 18262 18263 431734 431906 431912
20200723 05:50, gpu2005, 0, 00000000:3B:00.0,54,100,43, kweiher, python, 18258 18259 18260 18261 18262 18263 431734 431906 431912 432725 432751
20200723 05:50, gpu2005, 1, 00000000:AF:00.0,47,87,59, kweiher, python, 18258 18259 18260 18261 18262 18263 18601 18602 18603 18604 18605 18606 431269 431734 431906 431912
20200723 05:50, gpu2005, 2, 00000000:D8:00.0,31,0,0, kweiher, python, 18258 18259 18260 18261 18262 18263 431734 431906 431912
20200723 05:55, gpu2005, 0, 00000000:3B:00.0,54,100,42, kweiher, python, 19757 19758 19759 19760 19761 19762 431734 431906 431912 432725 432751
20200723 05:55, gpu2005, 1, 00000000:AF:00.0,48,96,49, kweiher, python, 18601 18602 18603 18604 18605 18606 19757 19758 19759 19760 19761 19762 431269 431734 431906 431912
20200723 05:55, gpu2005, 2, 00000000:D8:00.0,31,0,0, kweiher, python, 19757 19758 19759 19760 19761 19762 431734 431906 431912
20200723 06:00, gpu2005, 0, 00000000:3B:00.0,54,100,41, kweiher, python, 19757 19758 19759 19760 19761 19762 431734 431906 431912 432725 432751
20200723 06:00, gpu2005, 1, 00000000:AF:00.0,48,91,60, kweiher, python, 18601 18602 18603 18604 18605 18606 19757 19758 19759 19760 19761 19762 431269 431734 431906 431912
20200723 06:00, gpu2005, 2, 00000000:D8:00.0,30,0,0, kweiher, python, 19757 19758 19759 19760 19761 19762 431734 431906 431912
20200723 06:05, gpu2005, 0, 00000000:3B:00.0,54,100,40, kweiher, python, 19757 19758 19759 19760 19761 19762 431734 431906 431912 432725 432751
20200723 06:05, gpu2005, 1, 00000000:AF:00.0,47,82,57, kweiher, python, 18601 18602 18603 18604 18605 18606 19757 19758 19759 19760 19761 19762 431269 431734 431906 431912
20200723 06:05, gpu2005, 2, 00000000:D8:00.0,31,0,0, kweiher, python, 19757 19758 19759 19760 19761 19762 431734 431906 431912
20200723 06:10, gpu2005, 0, 00000000:3B:00.0,55,100,44, kweiher, python, 21113 21114 21115 21116 21117 21118 431734 431906 431912 432725 432751
20200723 06:10, gpu2005, 1, 00000000:AF:00.0,48,88,49, kweiher, python, 18601 18602 18603 18604 18605 18606 21113 21114 21115 21116 21117 21118 431269 431734 431906 431912
20200723 06:10, gpu2005, 2, 00000000:D8:00.0,31,0,0, kweiher, python, 21113 21114 21115 21116 21117 21118 431734 431906 431912
20200723 06:15, gpu2005, 0, 00000000:3B:00.0,53,94,35, kweiher, python, 21113 21114 21115 21116 21117 21118 431734 431906 431912 432725 432751
20200723 06:15, gpu2005, 1, 00000000:AF:00.0,49,93,62, kweiher, python, 18601 18602 18603 18604 18605 18606 21113 21114 21115 21116 21117 21118 431269 431734 431906 431912
20200723 06:15, gpu2005, 2, 00000000:D8:00.0,30,0,0, kweiher, python, 21113 21114 21115 21116 21117 21118 431734 431906 431912
20200723 06:20, gpu2005, 0, 00000000:3B:00.0,54,100,43, kweiher, python, 21113 21114 21115 21116 21117 21118 431734 431906 431912 432725 432751
20200723 06:20, gpu2005, 1, 00000000:AF:00.0,49,84,41, kweiher, python, 21113 21114 21115 21116 21117 21118 22061 22062 22063 22064 22065 22066 431269 431734 431906 431912
20200723 06:20, gpu2005, 2, 00000000:D8:00.0,31,0,0, kweiher, python, 21113 21114 21115 21116 21117 21118 431734 431906 431912
20200723 06:25, gpu2005, 0, 00000000:3B:00.0,53,100,42, kweiher, python, 22587 22588 22589 22590 22591 22592 431734 431906 431912 432725 432751
20200723 06:25, gpu2005, 1, 00000000:AF:00.0,46,39,24, kweiher, python, 22061 22062 22063 22064 22065 22066 22587 22588 22589 22590 22591 22592 431269 431734 431906 431912
20200723 06:25, gpu2005, 2, 00000000:D8:00.0,30,0,0, kweiher, python, 22587 22588 22589 22590 22591 22592 431734 431906 431912
20200723 06:30, gpu2005, 0, 00000000:3B:00.0,54,100,49, kweiher, python, 22587 22588 22589 22590 22591 22592 431734 431906 431912 432725 432751
20200723 06:30, gpu2005, 1, 00000000:AF:00.0,49,91,60, kweiher, python, 22061 22062 22063 22064 22065 22066 22587 22588 22589 22590 22591 22592 431269 431734 431906 431912
20200723 06:30, gpu2005, 2, 00000000:D8:00.0,30,0,0, kweiher, python, 22587 22588 22589 22590 22591 22592 431734 431906 431912
20200723 06:35, gpu2005, 0, 00000000:3B:00.0,54,100,47, kweiher, python, 22587 22588 22589 22590 22591 22592 431734 431906 431912 432725 432751
20200723 06:35, gpu2005, 1, 00000000:AF:00.0,47,75,54, kweiher, python, 22061 22062 22063 22064 22065 22066 22587 22588 22589 22590 22591 22592 431269 431734 431906 431912
20200723 06:35, gpu2005, 2, 00000000:D8:00.0,31,0,0, kweiher, python, 22587 22588 22589 22590 22591 22592 431734 431906 431912
20200723 06:40, gpu2005, 0, 00000000:3B:00.0,55,100,38, kweiher, python, 23937 23938 23939 23941 23942 23943 431734 431906 431912 432725 432751
20200723 06:40, gpu2005, 1, 00000000:AF:00.0,49,93,62, kweiher, python, 22061 22062 22063 22064 22065 22066 23937 23938 23939 23941 23942 23943 431269 431734 431906 431912
20200723 06:40, gpu2005, 2, 00000000:D8:00.0,31,0,0, kweiher, python, 23937 23938 23939 23941 23942 23943 431734 431906 431912
20200723 06:45, gpu2005, 0, 00000000:3B:00.0,54,100,43, kweiher, python, 23937 23938 23939 23941 23942 23943 431734 431906 431912 432725 432751
20200723 06:45, gpu2005, 1, 00000000:AF:00.0,49,89,65, kweiher, python, 22061 22062 22063 22064 22065 22066 23937 23938 23939 23941 23942 23943 431269 431734 431906 431912
20200723 06:45, gpu2005, 2, 00000000:D8:00.0,31,0,0, kweiher, python, 23937 23938 23939 23941 23942 23943 431734 431906 431912
20200723 06:50, gpu2005, 0, 00000000:3B:00.0,54,100,42, kweiher, python, 25150 25152 25153 25154 25155 25156 431734 431906 431912 432725 432751
20200723 06:50, gpu2005, 1, 00000000:AF:00.0,49,88,53, kweiher, python, 22061 22062 22063 22064 22065 22066 25150 25152 25153 25154 25155 25156 431269 431734 431906 431912
20200723 06:50, gpu2005, 2, 00000000:D8:00.0,31,0,0, kweiher, python, 25150 25152 25153 25154 25155 25156 431734 431906 431912
20200723 06:55, gpu2005, 0, 00000000:3B:00.0,55,100,43, kweiher, python, 25150 25152 25153 25154 25155 25156 431734 431906 431912 432725 432751
20200723 06:55, gpu2005, 1, 00000000:AF:00.0,49,90,56, kweiher, python, 25150 25152 25153 25154 25155 25156 25697 25698 25699 25700 25701 25702 431269 431734 431906 431912
20200723 06:55, gpu2005, 2, 00000000:D8:00.0,31,0,0, kweiher, python, 25150 25152 25153 25154 25155 25156 431734 431906 431912
20200723 07:00, gpu2005, 0, 00000000:3B:00.0,55,96,36, kweiher, python, 25150 25152 25153 25154 25155 25156 431734 431906 431912 432725 432751
20200723 07:00, gpu2005, 1, 00000000:AF:00.0,48,83,59, kweiher, python, 25150 25152 25153 25154 25155 25156 25697 25698 25699 25700 25701 25702 431269 431734 431906 431912
20200723 07:00, gpu2005, 2, 00000000:D8:00.0,31,0,0, kweiher, python, 25150 25152 25153 25154 25155 25156 431734 431906 431912
20200723 07:05, gpu2005, 0, 00000000:3B:00.0,54,100,42, kweiher, python, 26721 26722 26723 26724 26725 26726 431734 431906 431912 432725 432751
20200723 07:05, gpu2005, 1, 00000000:AF:00.0,49,91,60, kweiher, python, 25697 25698 25699 25700 25701 25702 26721 26722 26723 26724 26725 26726 431269 431734 431906 431912
20200723 07:05, gpu2005, 2, 00000000:D8:00.0,31,0,0, kweiher, python, 26721 26722 26723 26724 26725 26726 431734 431906 431912
20200723 07:10, gpu2005, 0, 00000000:3B:00.0,54,100,43, kweiher, python, 26721 26722 26723 26724 26725 26726 431734 431906 431912 432725 432751
20200723 07:10, gpu2005, 1, 00000000:AF:00.0,49,84,53, kweiher, python, 25697 25698 25699 25700 25701 25702 26721 26722 26723 26724 26725 26726 431269 431734 431906 431912
20200723 07:10, gpu2005, 2, 00000000:D8:00.0,31,0,0, kweiher, python, 26721 26722 26723 26724 26725 26726 431734 431906 431912
20200723 07:15, gpu2005, 0, 00000000:3B:00.0,55,100,43, kweiher, python, 26721 26722 26723 26724 26725 26726 431734 431906 431912 432725 432751
20200723 07:15, gpu2005, 1, 00000000:AF:00.0,49,89,57, kweiher, python, 25697 25698 25699 25700 25701 25702 26721 26722 26723 26724 26725 26726 431269 431734 431906 431912
20200723 07:15, gpu2005, 2, 00000000:D8:00.0,31,0,0, kweiher, python, 26721 26722 26723 26724 26725 26726 431734 431906 431912
20200723 07:20, gpu2005, 0, 00000000:3B:00.0,54,100,43, kweiher, python, 27982 27983 27984 27985 27986 27987 431734 431906 431912 432725 432751
20200723 07:20, gpu2005, 1, 00000000:AF:00.0,48,84,39, kweiher, python, 25697 25698 25699 25700 25701 25702 27982 27983 27984 27985 27986 27987 431269 431734 431906 431912
20200723 07:20, gpu2005, 2, 00000000:D8:00.0,31,0,0, kweiher, python, 27982 27983 27984 27985 27986 27987 431734 431906 431912
20200723 07:25, gpu2005, 0, 00000000:3B:00.0,54,100,40, kweiher, python, 27982 27983 27984 27985 27986 27987 431734 431906 431912 432725 432751
20200723 07:25, gpu2005, 1, 00000000:AF:00.0,47,87,58, kweiher, python, 25697 25698 25699 25700 25701 25702 27982 27983 27984 27985 27986 27987 431269 431734 431906 431912
20200723 07:25, gpu2005, 2, 00000000:D8:00.0,30,0,0, kweiher, python, 27982 27983 27984 27985 27986 27987 431734 431906 431912
20200723 07:30, gpu2005, 0, 00000000:3B:00.0,54,100,42, kweiher, python, 27982 27983 27984 27985 27986 27987 431734 431906 431912 432725 432751
20200723 07:30, gpu2005, 1, 00000000:AF:00.0,49,89,53, kweiher, python, 25697 25698 25699 25700 25701 25702 27982 27983 27984 27985 27986 27987 431269 431734 431906 431912
20200723 07:30, gpu2005, 2, 00000000:D8:00.0,31,0,0, kweiher, python, 27982 27983 27984 27985 27986 27987 431734 431906 431912
20200723 07:35, gpu2005, 0, 00000000:3B:00.0,54,100,48, kweiher, python, 29542 29543 29544 29546 29547 29548 431734 431906 431912 432725 432751
20200723 07:35, gpu2005, 1, 00000000:AF:00.0,49,91,60, kweiher, python, 29278 29279 29280 29281 29282 29283 29542 29543 29544 29546 29547 29548 431269 431734 431906 431912
20200723 07:35, gpu2005, 2, 00000000:D8:00.0,31,0,0, kweiher, python, 29542 29543 29544 29546 29547 29548 431734 431906 431912
20200723 07:40, gpu2005, 0, 00000000:3B:00.0,54,100,41, kweiher, python, 29542 29543 29544 29546 29547 29548 431734 431906 431912 432725 432751
20200723 07:40, gpu2005, 1, 00000000:AF:00.0,50,98,59, kweiher, python, 29278 29279 29280 29281 29282 29283 29542 29543 29544 29546 29547 29548 431269 431734 431906 431912
20200723 07:40, gpu2005, 2, 00000000:D8:00.0,31,0,0, kweiher, python, 29542 29543 29544 29546 29547 29548 431734 431906 431912
20200723 07:45, gpu2005, 0, 00000000:3B:00.0,55,100,37, kweiher, python, 29542 29543 29544 29546 29547 29548 431734 431906 431912 432725 432751
20200723 07:45, gpu2005, 1, 00000000:AF:00.0,48,91,60, kweiher, python, 29278 29279 29280 29281 29282 29283 29542 29543 29544 29546 29547 29548 431269 431734 431906 431912
20200723 07:45, gpu2005, 2, 00000000:D8:00.0,31,0,0, kweiher, python, 29542 29543 29544 29546 29547 29548 431734 431906 431912
20200723 07:50, gpu2005, 0, 00000000:3B:00.0,54,100,37, kweiher, python, 30824 30825 30826 30827 30828 30829 431734 431906 431912 432725 432751
20200723 07:50, gpu2005, 1, 00000000:AF:00.0,47,100,54, kweiher, python, 29278 29279 29280 29281 29282 29283 30824 30825 30826 30827 30828 30829 431269 431734 431906 431912
20200723 07:50, gpu2005, 2, 00000000:D8:00.0,30,0,0, kweiher, python, 30824 30825 30826 30827 30828 30829 431734 431906 431912
20200723 07:55, gpu2005, 0, 00000000:3B:00.0,54,100,42, kweiher, python, 30824 30825 30826 30827 30828 30829 431734 431906 431912 432725 432751
20200723 07:55, gpu2005, 1, 00000000:AF:00.0,48,100,51, kweiher, python, 29278 29279 29280 29281 29282 29283 30824 30825 30826 30827 30828 30829 431269 431734 431906 431912
20200723 07:55, gpu2005, 2, 00000000:D8:00.0,31,0,0, kweiher, python, 30824 30825 30826 30827 30828 30829 431734 431906 431912
20200723 08:00, gpu2005, 0, 00000000:3B:00.0,53,100,38, kweiher, python, 32038 32039 32040 32041 32042 32043 431734 431906 431912 432725 432751
20200723 08:00, gpu2005, 1, 00000000:AF:00.0,48,89,43, kweiher, python, 29278 29279 29280 29281 29282 29283 32038 32039 32040 32041 32042 32043 431269 431734 431906 431912
20200723 08:00, gpu2005, 2, 00000000:D8:00.0,31,0,0, kweiher, python, 32038 32039 32040 32041 32042 32043 431734 431906 431912
20200723 08:05, gpu2005, 0, 00000000:3B:00.0,54,100,44, kweiher, python, 32038 32039 32040 32041 32042 32043 431734 431906 431912 432725 432751
20200723 08:05, gpu2005, 1, 00000000:AF:00.0,49,86,59, kweiher, python, 29278 29279 29280 29281 29282 29283 32038 32039 32040 32041 32042 32043 431269 431734 431906 431912
20200723 08:05, gpu2005, 2, 00000000:D8:00.0,31,0,0, kweiher, python, 32038 32039 32040 32041 32042 32043 431734 431906 431912
20200723 08:10, gpu2005, 0, 00000000:3B:00.0,54,100,42, kweiher, python, 32038 32039 32040 32041 32042 32043 431734 431906 431912 432725 432751
20200723 08:10, gpu2005, 1, 00000000:AF:00.0,49,100,53, kweiher, python, 32038 32039 32040 32041 32042 32043 32932 32933 32934 32935 32936 32937 431269 431734 431906 431912
20200723 08:10, gpu2005, 2, 00000000:D8:00.0,31,0,0, kweiher, python, 32038 32039 32040 32041 32042 32043 431734 431906 431912
20200723 08:15, gpu2005, 0, 00000000:3B:00.0,54,100,41, kweiher, python, 33601 33602 33603 33604 33605 33607 431734 431906 431912 432725 432751
20200723 08:15, gpu2005, 1, 00000000:AF:00.0,48,89,66, kweiher, python, 32932 32933 32934 32935 32936 32937 33601 33602 33603 33604 33605 33607 431269 431734 431906 431912
20200723 08:15, gpu2005, 2, 00000000:D8:00.0,31,0,0, kweiher, python, 33601 33602 33603 33604 33605 33607 431734 431906 431912
20200723 08:20, gpu2005, 0, 00000000:3B:00.0,54,100,37, kweiher, python, 33601 33602 33603 33604 33605 33607 431734 431906 431912 432725 432751
20200723 08:20, gpu2005, 1, 00000000:AF:00.0,48,87,49, kweiher, python, 32932 32933 32934 32935 32936 32937 33601 33602 33603 33604 33605 33607 431269 431734 431906 431912
20200723 08:20, gpu2005, 2, 00000000:D8:00.0,31,0,0, kweiher, python, 33601 33602 33603 33604 33605 33607 431734 431906 431912
20200723 08:25, gpu2005, 0, 00000000:3B:00.0,51,86,23, kweiher, python, 33601 33602 33603 33604 33605 33607 431734 431906 431912 432725 432751
20200723 08:25, gpu2005, 1, 00000000:AF:00.0,45,99,47, kweiher, python, 32932 32933 32934 32935 32936 32937 33601 33602 33603 33604 33605 33607 431269 431734 431906 431912
20200723 08:25, gpu2005, 2, 00000000:D8:00.0,31,0,0, kweiher, python, 33601 33602 33603 33604 33605 33607 431734 431906 431912
20200723 08:30, gpu2005, 0, 00000000:3B:00.0,54,96,35, kweiher, python, 34973 34974 34975 34976 34977 34978 431734 431906 431912 432725 432751
20200723 08:30, gpu2005, 1, 00000000:AF:00.0,48,100,48, kweiher, python, 32932 32933 32934 32935 32936 32937 34973 34974 34975 34976 34977 34978 431269 431734 431906 431912
20200723 08:30, gpu2005, 2, 00000000:D8:00.0,31,0,0, kweiher, python, 34973 34974 34975 34976 34977 34978 431734 431906 431912
20200723 08:35, gpu2005, 0, 00000000:3B:00.0,54,100,44, kweiher, python, 34973 34974 34975 34976 34977 34978 431734 431906 431912 432725 432751
20200723 08:35, gpu2005, 1, 00000000:AF:00.0,47,88,54, kweiher, python, 32932 32933 32934 32935 32936 32937 34973 34974 34975 34976 34977 34978 431269 431734 431906 431912
20200723 08:35, gpu2005, 2, 00000000:D8:00.0,30,0,0, kweiher, python, 34973 34974 34975 34976 34977 34978 431734 431906 431912
20200723 08:40, gpu2005, 0, 00000000:3B:00.0,55,100,47, kweiher, python, 34973 34974 34975 34976 34977 34978 431734 431906 431912 432725 432751
20200723 08:40, gpu2005, 1, 00000000:AF:00.0,48,80,36, kweiher, python, 32932 32933 32934 32935 32936 32937 34973 34974 34975 34976 34977 34978 431269 431734 431906 431912
20200723 08:40, gpu2005, 2, 00000000:D8:00.0,31,0,0, kweiher, python, 34973 34974 34975 34976 34977 34978 431734 431906 431912
20200723 08:45, gpu2005, 0, 00000000:3B:00.0,54,100,42, kweiher, python, 36338 36339 36340 36341 36342 36343 431734 431906 431912 432725 432751
20200723 08:45, gpu2005, 1, 00000000:AF:00.0,48,90,66, kweiher, python, 32932 32933 32934 32935 32936 32937 36338 36339 36340 36341 36342 36343 431269 431734 431906 431912
20200723 08:45, gpu2005, 2, 00000000:D8:00.0,31,0,0, kweiher, python, 36338 36339 36340 36341 36342 36343 431734 431906 431912
20200723 08:50, gpu2005, 0, 00000000:3B:00.0,54,100,43, kweiher, python, 36338 36339 36340 36341 36342 36343 431734 431906 431912 432725 432751
20200723 08:50, gpu2005, 1, 00000000:AF:00.0,49,89,58, kweiher, python, 36338 36339 36340 36341 36342 36343 36820 36821 36822 36823 36824 36825 431269 431734 431906 431912
20200723 08:50, gpu2005, 2, 00000000:D8:00.0,31,0,0, kweiher, python, 36338 36339 36340 36341 36342 36343 431734 431906 431912
20200723 08:55, gpu2005, 0, 00000000:3B:00.0,54,100,48, kweiher, python, 36338 36339 36340 36341 36342 36343 431734 431906 431912 432725 432751
20200723 08:55, gpu2005, 1, 00000000:AF:00.0,49,92,60, kweiher, python, 36338 36339 36340 36341 36342 36343 36820 36821 36822 36823 36824 36825 431269 431734 431906 431912
20200723 08:55, gpu2005, 2, 00000000:D8:00.0,31,0,0, kweiher, python, 36338 36339 36340 36341 36342 36343 431734 431906 431912
20200723 09:00, gpu2005, 0, 00000000:3B:00.0,54,100,41, kweiher, python, 37839 37840 37841 37842 37843 37844 431734 431906 431912 432725 432751
20200723 09:00, gpu2005, 1, 00000000:AF:00.0,48,83,40, kweiher, python, 36820 36821 36822 36823 36824 36825 37839 37840 37841 37842 37843 37844 431269 431734 431906 431912
20200723 09:00, gpu2005, 2, 00000000:D8:00.0,31,0,0, kweiher, python, 37839 37840 37841 37842 37843 37844 431734 431906 431912
20200723 09:05, gpu2005, 0, 00000000:3B:00.0,54,100,43, kweiher, python, 37839 37840 37841 37842 37843 37844 431734 431906 431912 432725 432751
20200723 09:05, gpu2005, 1, 00000000:AF:00.0,50,89,59, kweiher, python, 36820 36821 36822 36823 36824 36825 37839 37840 37841 37842 37843 37844 431269 431734 431906 431912
20200723 09:05, gpu2005, 2, 00000000:D8:00.0,31,0,0, kweiher, python, 37839 37840 37841 37842 37843 37844 431734 431906 431912
20200723 09:10, gpu2005, 0, 00000000:3B:00.0,55,99,38, kweiher, python, 37839 37840 37841 37842 37843 37844 431734 431906 431912 432725 432751
20200723 09:10, gpu2005, 1, 00000000:AF:00.0,49,90,60, kweiher, python, 36820 36821 36822 36823 36824 36825 37839 37840 37841 37842 37843 37844 431269 431734 431906 431912
20200723 09:10, gpu2005, 2, 00000000:D8:00.0,31,0,0, kweiher, python, 37839 37840 37841 37842 37843 37844 431734 431906 431912
20200723 09:15, gpu2005, 0, 00000000:3B:00.0,54,100,48, kweiher, python, 39252 39253 39254 39255 39256 39257 431734 431906 431912 432725 432751
20200723 09:15, gpu2005, 1, 00000000:AF:00.0,47,87,44, kweiher, python, 36820 36821 36822 36823 36824 36825 39252 39253 39254 39255 39256 39257 431269 431734 431906 431912
20200723 09:15, gpu2005, 2, 00000000:D8:00.0,31,0,0, kweiher, python, 39252 39253 39254 39255 39256 39257 431734 431906 431912
20200723 09:20, gpu2005, 0, 00000000:3B:00.0,55,100,42, kweiher, python, 39252 39253 39254 39255 39256 39257 431734 431906 431912 432725 432751
20200723 09:20, gpu2005, 1, 00000000:AF:00.0,48,97,50, kweiher, python, 36820 36821 36822 36823 36824 36825 39252 39253 39254 39255 39256 39257 431269 431734 431906 431912
20200723 09:20, gpu2005, 2, 00000000:D8:00.0,31,0,0, kweiher, python, 39252 39253 39254 39255 39256 39257 431734 431906 431912
20200723 09:25, gpu2005, 0, 00000000:3B:00.0,55,100,42, kweiher, python, 39252 39253 39254 39255 39256 39257 431734 431906 431912 432725 432751
20200723 09:25, gpu2005, 1, 00000000:AF:00.0,48,98,54, kweiher, python, 39252 39253 39254 39255 39256 39257 40317 40318 40319 40320 40321 40323 431269 431734 431906 431912
20200723 09:25, gpu2005, 2, 00000000:D8:00.0,30,0,0, kweiher, python, 39252 39253 39254 39255 39256 39257 431734 431906 431912
20200723 09:30, gpu2005, 0, 00000000:3B:00.0,54,100,43, kweiher, python, 40724 40725 40726 40727 40728 40730 431734 431906 431912 432725 432751
20200723 09:30, gpu2005, 1, 00000000:AF:00.0,47,100,47, kweiher, python, 40317 40318 40319 40320 40321 40323 40724 40725 40726 40727 40728 40730 431269 431734 431906 431912
20200723 09:30, gpu2005, 2, 00000000:D8:00.0,31,0,0, kweiher, python, 40724 40725 40726 40727 40728 40730 431734 431906 431912
20200723 09:35, gpu2005, 0, 00000000:3B:00.0,54,100,38, kweiher, python, 40724 40725 40726 40727 40728 40730 431734 431906 431912 432725 432751
20200723 09:35, gpu2005, 1, 00000000:AF:00.0,49,92,66, kweiher, python, 40317 40318 40319 40320 40321 40323 40724 40725 40726 40727 40728 40730 431269 431734 431906 431912
20200723 09:35, gpu2005, 2, 00000000:D8:00.0,31,0,0, kweiher, python, 40724 40725 40726 40727 40728 40730 431734 431906 431912
20200723 09:40, gpu2005, 0, 00000000:3B:00.0,52,100,41, kweiher, python, 42012 42013 42014 42016 42017 42018 431734 431906 431912 432725 432751
20200723 09:40, gpu2005, 1, 00000000:AF:00.0,48,85,43, kweiher, python, 40317 40318 40319 40320 40321 40323 42012 42013 42014 42016 42017 42018 431269 431734 431906 431912
20200723 09:40, gpu2005, 2, 00000000:D8:00.0,30,0,0, kweiher, python, 42012 42013 42014 42016 42017 42018 431734 431906 431912
20200723 09:45, gpu2005, 0, 00000000:3B:00.0,55,100,43, kweiher, python, 42012 42013 42014 42016 42017 42018 431734 431906 431912 432725 432751
20200723 09:45, gpu2005, 1, 00000000:AF:00.0,49,95,64, kweiher, python, 40317 40318 40319 40320 40321 40323 42012 42013 42014 42016 42017 42018 431269 431734 431906 431912
20200723 09:45, gpu2005, 2, 00000000:D8:00.0,31,0,0, kweiher, python, 42012 42013 42014 42016 42017 42018 431734 431906 431912
20200723 09:50, gpu2005, 0, 00000000:3B:00.0,54,100,41, kweiher, python, 42012 42013 42014 42016 42017 42018 431734 431906 431912 432725 432751
20200723 09:50, gpu2005, 1, 00000000:AF:00.0,47,95,62, kweiher, python, 40317 40318 40319 40320 40321 40323 42012 42013 42014 42016 42017 42018 431269 431734 431906 431912
20200723 09:50, gpu2005, 2, 00000000:D8:00.0,31,0,0, kweiher, python, 42012 42013 42014 42016 42017 42018 431734 431906 431912
20200723 09:55, gpu2005, 0, 00000000:3B:00.0,54,100,41, kweiher, python, 43336 43337 43338 43339 43340 43342 431734 431906 431912 432725 432751
20200723 09:55, gpu2005, 1, 00000000:AF:00.0,49,100,47, kweiher, python, 40317 40318 40319 40320 40321 40323 43336 43337 43338 43339 43340 43342 431269 431734 431906 431912
20200723 09:55, gpu2005, 2, 00000000:D8:00.0,31,0,0, kweiher, python, 43336 43337 43338 43339 43340 43342 431734 431906 431912
20200723 10:00, gpu2005, 0, 00000000:3B:00.0,54,100,38, kweiher, python, 43336 43337 43338 43339 43340 43342 431734 431906 431912 432725 432751
20200723 10:00, gpu2005, 1, 00000000:AF:00.0,45,57,30, kweiher, python, 43336 43337 43338 43339 43340 43342 431269 431734 431906 431912
20200723 10:00, gpu2005, 2, 00000000:D8:00.0,31,0,0, kweiher, python, 43336 43337 43338 43339 43340 43342 431734 431906 431912
20200723 10:05, gpu2005, 0, 00000000:3B:00.0,54,100,44, kweiher, python, 43336 43337 43338 43339 43340 43342 431734 431906 432725 432751
20200723 10:05, gpu2005, 1, 00000000:AF:00.0,43,91,81, kweiher, python, 43336 43337 43338 43339 43340 43342 44315 431734 431906
20200723 10:05, gpu2005, 2, 00000000:D8:00.0,32,0,0, kweiher, python, 43336 43337 43338 43339 43340 43342 44315 431734 431906
20200723 10:10, gpu2005, 0, 00000000:3B:00.0,47,86,23, ngumede, python3, 432725 432751
20200723 10:10, gpu2005, 1, 00000000:AF:00.0,44,92,80, nbotha, python3, 44315
20200723 10:10, gpu2005, 2, 00000000:D8:00.0,32,0,0, nbotha, python3, 44315
20200723 10:15, gpu2005, 0, 00000000:3B:00.0,31,0,0, null, null, null
20200723 10:15, gpu2005, 1, 00000000:AF:00.0,44,95,67, nbotha, python3, 44315
20200723 10:15, gpu2005, 2, 00000000:D8:00.0,32,0,0, nbotha, python3, 44315
20200723 10:20, gpu2005, 0, 00000000:3B:00.0,31,0,0, null, null, null
20200723 10:20, gpu2005, 1, 00000000:AF:00.0,43,100,9, nbotha, python3, 44315
20200723 10:20, gpu2005, 2, 00000000:D8:00.0,32,0,0, nbotha, python3, 44315
20200723 10:25, gpu2005, 0, 00000000:3B:00.0,31,0,0, null, null, null
20200723 10:25, gpu2005, 1, 00000000:AF:00.0,44,92,80, nbotha, python3, 44315
20200723 10:25, gpu2005, 2, 00000000:D8:00.0,32,0,0, nbotha, python3, 44315
20200723 10:30, gpu2005, 0, 00000000:3B:00.0,31,0,0, null, null, null
20200723 10:30, gpu2005, 1, 00000000:AF:00.0,43,100,15, nbotha, python3, 44315
20200723 10:30, gpu2005, 2, 00000000:D8:00.0,32,0,0, nbotha, python3, 44315
20200723 10:35, gpu2005, 0, 00000000:3B:00.0,31,0,0, null, null, null
20200723 10:35, gpu2005, 1, 00000000:AF:00.0,44,92,80, nbotha, python3, 44315
20200723 10:35, gpu2005, 2, 00000000:D8:00.0,32,0,0, nbotha, python3, 44315
20200723 10:40, gpu2005, 0, 00000000:3B:00.0,31,0,0, null, null, null
20200723 10:40, gpu2005, 1, 00000000:AF:00.0,43,100,31, nbotha, python3, 44315
20200723 10:40, gpu2005, 2, 00000000:D8:00.0,32,0,0, nbotha, python3, 44315
20200723 10:45, gpu2005, 0, 00000000:3B:00.0,31,0,0, null, null, null
20200723 10:45, gpu2005, 1, 00000000:AF:00.0,44,92,80, nbotha, python3, 44315
20200723 10:45, gpu2005, 2, 00000000:D8:00.0,32,0,0, nbotha, python3, 44315
20200723 10:50, gpu2005, 0, 00000000:3B:00.0,31,0,0, null, null, null
20200723 10:50, gpu2005, 1, 00000000:AF:00.0,44,91,81, nbotha, python3, 44315
20200723 10:50, gpu2005, 2, 00000000:D8:00.0,32,0,0, nbotha, python3, 44315
20200723 10:55, gpu2005, 0, 00000000:3B:00.0,31,0,0, null, null, null
20200723 10:55, gpu2005, 1, 00000000:AF:00.0,43,93,75, nbotha, python3, 44315
20200723 10:55, gpu2005, 2, 00000000:D8:00.0,32,0,0, nbotha, python3, 44315
20200723 11:00, gpu2005, 0, 00000000:3B:00.0,31,0,0, null, null, null
20200723 11:00, gpu2005, 1, 00000000:AF:00.0,42,100,3, nbotha, python3, 44315
20200723 11:00, gpu2005, 2, 00000000:D8:00.0,32,0,0, nbotha, python3, 44315
20200723 11:05, gpu2005, 0, 00000000:3B:00.0,31,0,0, null, null, null
20200723 11:05, gpu2005, 1, 00000000:AF:00.0,43,92,80, nbotha, python3, 44315
20200723 11:05, gpu2005, 2, 00000000:D8:00.0,32,0,0, nbotha, python3, 44315
20200723 11:10, gpu2005, 0, 00000000:3B:00.0,54,98,24, hothman, pmemd.cuda, 49529
20200723 11:10, gpu2005, 1, 00000000:AF:00.0,44,91,79, nbotha, python3, 44315
20200723 11:10, gpu2005, 2, 00000000:D8:00.0,32,0,0, nbotha, python3, 44315
20200723 11:15, gpu2005, 0, 00000000:3B:00.0,55,91,22, hothman, pmemd.cuda, 49529
20200723 11:15, gpu2005, 1, 00000000:AF:00.0,42,100,3, nbotha, python3, 44315
20200723 11:15, gpu2005, 2, 00000000:D8:00.0,32,0,0, nbotha, python3, 44315
20200723 11:20, gpu2005, 0, 00000000:3B:00.0,55,98,24, hothman, pmemd.cuda, 49529
20200723 11:20, gpu2005, 1, 00000000:AF:00.0,44,93,80, nbotha, python3, 44315
20200723 11:20, gpu2005, 2, 00000000:D8:00.0,32,0,0, nbotha, python3, 44315
20200723 11:25, gpu2005, 0, 00000000:3B:00.0,55,98,24, hothman, pmemd.cuda, 49529
20200723 11:25, gpu2005, 1, 00000000:AF:00.0,44,92,80, nbotha, python3, 44315
20200723 11:25, gpu2005, 2, 00000000:D8:00.0,32,0,0, nbotha, python3, 44315
20200723 11:30, gpu2005, 0, 00000000:3B:00.0,55,98,24, hothman, pmemd.cuda, 49529
20200723 11:30, gpu2005, 1, 00000000:AF:00.0,44,92,80, nbotha, python3, 44315
20200723 11:30, gpu2005, 2, 00000000:D8:00.0,32,0,0, nbotha, python3, 44315
20200723 11:35, gpu2005, 0, 00000000:3B:00.0,55,98,24, hothman, pmemd.cuda, 49529
20200723 11:35, gpu2005, 1, 00000000:AF:00.0,44,92,80, nbotha, python3, 44315
20200723 11:35, gpu2005, 2, 00000000:D8:00.0,32,0,0, nbotha, python3, 44315
20200723 11:40, gpu2005, 0, 00000000:3B:00.0,54,98,24, hothman, pmemd.cuda, 49529
20200723 11:40, gpu2005, 1, 00000000:AF:00.0,43,98,44, nbotha, python3, 44315
20200723 11:40, gpu2005, 2, 00000000:D8:00.0,32,0,0, nbotha, python3, 44315
20200723 11:45, gpu2005, 0, 00000000:3B:00.0,55,98,24, hothman, pmemd.cuda, 49529
20200723 11:45, gpu2005, 1, 00000000:AF:00.0,43,92,79, nbotha, python3, 44315
20200723 11:45, gpu2005, 2, 00000000:D8:00.0,32,0,0, nbotha, python3, 44315
20200723 11:50, gpu2005, 0, 00000000:3B:00.0,55,98,23, hothman, pmemd.cuda, 49529
20200723 11:50, gpu2005, 1, 00000000:AF:00.0,44,91,81, nbotha, python3, 44315
20200723 11:50, gpu2005, 2, 00000000:D8:00.0,32,0,0, nbotha, python3, 44315
20200723 11:55, gpu2005, 0, 00000000:3B:00.0,54,98,24, hothman, pmemd.cuda, 49529
20200723 11:55, gpu2005, 1, 00000000:AF:00.0,44,92,80, nbotha, python3, 44315
20200723 11:55, gpu2005, 2, 00000000:D8:00.0,32,0,0, nbotha, python3, 44315
20200723 12:00, gpu2005, 0, 00000000:3B:00.0,54,98,24, hothman, pmemd.cuda, 49529
20200723 12:00, gpu2005, 1, 00000000:AF:00.0,44,91,82, nbotha, python3, 44315
20200723 12:00, gpu2005, 2, 00000000:D8:00.0,32,0,0, nbotha, python3, 44315
20200723 12:05, gpu2005, 0, 00000000:3B:00.0,54,98,24, hothman, pmemd.cuda, 49529
20200723 12:05, gpu2005, 1, 00000000:AF:00.0,42,100,30, nbotha, python3, 44315
20200723 12:05, gpu2005, 2, 00000000:D8:00.0,32,0,0, nbotha, python3, 44315
20200723 12:10, gpu2005, 0, 00000000:3B:00.0,55,98,24, hothman, pmemd.cuda, 49529
20200723 12:10, gpu2005, 1, 00000000:AF:00.0,42,100,3, nbotha, python3, 44315
20200723 12:10, gpu2005, 2, 00000000:D8:00.0,32,0,0, nbotha, python3, 44315
20200723 12:15, gpu2005, 0, 00000000:3B:00.0,55,98,24, hothman, pmemd.cuda, 49529
20200723 12:15, gpu2005, 1, 00000000:AF:00.0,44,92,80, nbotha, python3, 44315
20200723 12:15, gpu2005, 2, 00000000:D8:00.0,32,0,0, nbotha, python3, 44315
20200723 12:20, gpu2005, 0, 00000000:3B:00.0,55,98,24, hothman, pmemd.cuda, 49529
20200723 12:20, gpu2005, 1, 00000000:AF:00.0,44,91,80, nbotha, python3, 44315
20200723 12:20, gpu2005, 2, 00000000:D8:00.0,32,0,0, nbotha, python3, 44315
20200723 12:25, gpu2005, 0, 00000000:3B:00.0,55,98,24, hothman, pmemd.cuda, 49529
20200723 12:25, gpu2005, 1, 00000000:AF:00.0,44,92,80, nbotha, python3, 44315
20200723 12:25, gpu2005, 2, 00000000:D8:00.0,32,0,0, nbotha, python3, 44315
20200723 12:30, gpu2005, 0, 00000000:3B:00.0,55,98,24, hothman, pmemd.cuda, 49529
20200723 12:30, gpu2005, 1, 00000000:AF:00.0,46,92,82, nbotha, python3, 44315
20200723 12:30, gpu2005, 2, 00000000:D8:00.0,32,0,0, nbotha, python3, 44315
20200723 12:35, gpu2005, 0, 00000000:3B:00.0,55,98,24, hothman, pmemd.cuda, 49529
20200723 12:35, gpu2005, 1, 00000000:AF:00.0,41,100,30, nbotha, python3, 44315
20200723 12:35, gpu2005, 2, 00000000:D8:00.0,32,0,0, nbotha, python3, 44315
20200723 12:40, gpu2005, 0, 00000000:3B:00.0,55,98,24, hothman, pmemd.cuda, 49529
20200723 12:40, gpu2005, 1, 00000000:AF:00.0,44,91,61, nbotha, python3, 44315
20200723 12:40, gpu2005, 2, 00000000:D8:00.0,32,0,0, nbotha, python3, 44315
20200723 12:45, gpu2005, 0, 00000000:3B:00.0,55,98,24, hothman, pmemd.cuda, 49529
20200723 12:45, gpu2005, 1, 00000000:AF:00.0,44,95,81, nbotha, python3, 44315
20200723 12:45, gpu2005, 2, 00000000:D8:00.0,32,0,0, nbotha, python3, 44315
20200723 12:50, gpu2005, 0, 00000000:3B:00.0,55,98,24, hothman, pmemd.cuda, 49529
20200723 12:50, gpu2005, 1, 00000000:AF:00.0,44,92,80, nbotha, python3, 44315
20200723 12:50, gpu2005, 2, 00000000:D8:00.0,32,0,0, nbotha, python3, 44315
20200723 12:55, gpu2005, 0, 00000000:3B:00.0,55,98,24, hothman, pmemd.cuda, 49529
20200723 12:55, gpu2005, 1, 00000000:AF:00.0,42,100,33, nbotha, python3, 44315
20200723 12:55, gpu2005, 2, 00000000:D8:00.0,32,0,0, nbotha, python3, 44315
20200723 13:00, gpu2005, 0, 00000000:3B:00.0,55,98,24, hothman, pmemd.cuda, 49529
20200723 13:00, gpu2005, 1, 00000000:AF:00.0,44,92,80, nbotha, python3, 44315
20200723 13:00, gpu2005, 2, 00000000:D8:00.0,32,0,0, nbotha, python3, 44315
20200723 13:05, gpu2005, 0, 00000000:3B:00.0,55,98,24, hothman, pmemd.cuda, 49529
20200723 13:05, gpu2005, 1, 00000000:AF:00.0,44,92,80, nbotha, python3, 44315
20200723 13:05, gpu2005, 2, 00000000:D8:00.0,32,0,0, nbotha, python3, 44315
20200723 13:10, gpu2005, 0, 00000000:3B:00.0,55,98,24, hothman, pmemd.cuda, 49529
20200723 13:10, gpu2005, 1, 00000000:AF:00.0,42,100,30, nbotha, python3, 44315
20200723 13:10, gpu2005, 2, 00000000:D8:00.0,32,0,0, nbotha, python3, 44315
20200723 13:15, gpu2005, 0, 00000000:3B:00.0,55,98,24, hothman, pmemd.cuda, 49529
20200723 13:15, gpu2005, 1, 00000000:AF:00.0,44,91,80, nbotha, python3, 44315
20200723 13:15, gpu2005, 2, 00000000:D8:00.0,32,0,0, nbotha, python3, 44315
20200723 13:20, gpu2005, 0, 00000000:3B:00.0,55,96,23, hothman, pmemd.cuda, 49529
20200723 13:20, gpu2005, 1, 00000000:AF:00.0,43,92,79, nbotha, python3, 44315
20200723 13:20, gpu2005, 2, 00000000:D8:00.0,32,0,0, nbotha, python3, 44315
20200723 13:25, gpu2005, 0, 00000000:3B:00.0,55,98,24, hothman, pmemd.cuda, 49529
20200723 13:25, gpu2005, 1, 00000000:AF:00.0,44,92,80, nbotha, python3, 44315
20200723 13:25, gpu2005, 2, 00000000:D8:00.0,32,0,0, nbotha, python3, 44315
20200723 13:30, gpu2005, 0, 00000000:3B:00.0,55,96,23, hothman, pmemd.cuda, 49529
20200723 13:30, gpu2005, 1, 00000000:AF:00.0,42,100,31, nbotha, python3, 44315
20200723 13:30, gpu2005, 2, 00000000:D8:00.0,32,0,0, nbotha, python3, 44315
20200723 13:35, gpu2005, 0, 00000000:3B:00.0,55,98,24, hothman, pmemd.cuda, 49529
20200723 13:35, gpu2005, 1, 00000000:AF:00.0,44,92,80, nbotha, python3, 44315
20200723 13:35, gpu2005, 2, 00000000:D8:00.0,32,0,0, nbotha, python3, 44315
20200723 13:40, gpu2005, 0, 00000000:3B:00.0,55,98,24, hothman, pmemd.cuda, 49529
20200723 13:40, gpu2005, 1, 00000000:AF:00.0,44,92,81, nbotha, python3, 44315
20200723 13:40, gpu2005, 2, 00000000:D8:00.0,32,0,0, nbotha, python3, 44315
20200723 13:45, gpu2005, 0, 00000000:3B:00.0,55,98,24, hothman, pmemd.cuda, 49529
20200723 13:45, gpu2005, 1, 00000000:AF:00.0,44,92,80, nbotha, python3, 44315
20200723 13:45, gpu2005, 2, 00000000:D8:00.0,32,0,0, nbotha, python3, 44315
20200723 13:50, gpu2005, 0, 00000000:3B:00.0,55,98,24, hothman, pmemd.cuda, 49529
20200723 13:50, gpu2005, 1, 00000000:AF:00.0,42,100,3, nbotha, python3, 44315
20200723 13:50, gpu2005, 2, 00000000:D8:00.0,32,0,0, nbotha, python3, 44315
20200723 13:55, gpu2005, 0, 00000000:3B:00.0,55,98,24, hothman, pmemd.cuda, 49529
20200723 13:55, gpu2005, 1, 00000000:AF:00.0,45,94,71, nbotha, python3, 44315
20200723 13:55, gpu2005, 2, 00000000:D8:00.0,32,0,0, nbotha, python3, 44315
20200723 14:00, gpu2005, 0, 00000000:3B:00.0,55,98,24, hothman, pmemd.cuda, 49529
20200723 14:00, gpu2005, 1, 00000000:AF:00.0,42,100,32, nbotha, python3, 44315
20200723 14:00, gpu2005, 2, 00000000:D8:00.0,32,0,0, nbotha, python3, 44315
20200723 14:05, gpu2005, 0, 00000000:3B:00.0,55,96,23, hothman, pmemd.cuda, 49529
20200723 14:05, gpu2005, 1, 00000000:AF:00.0,44,91,80, nbotha, python3, 44315
20200723 14:05, gpu2005, 2, 00000000:D8:00.0,32,0,0, nbotha, python3, 44315
20200723 14:10, gpu2005, 0, 00000000:3B:00.0,55,98,24, hothman, pmemd.cuda, 49529
20200723 14:10, gpu2005, 1, 00000000:AF:00.0,44,92,79, nbotha, python3, 44315
20200723 14:10, gpu2005, 2, 00000000:D8:00.0,32,0,0, nbotha, python3, 44315
20200723 14:15, gpu2005, 0, 00000000:3B:00.0,55,98,24, hothman, pmemd.cuda, 49529
20200723 14:15, gpu2005, 1, 00000000:AF:00.0,44,69,39, nbotha, python3, 44315
20200723 14:15, gpu2005, 2, 00000000:D8:00.0,32,0,0, nbotha, python3, 44315
20200723 14:20, gpu2005, 0, 00000000:3B:00.0,55,98,24, hothman, pmemd.cuda, 49529
20200723 14:20, gpu2005, 1, 00000000:AF:00.0,43,98,48, nbotha, python3, 44315
20200723 14:20, gpu2005, 2, 00000000:D8:00.0,32,0,0, nbotha, python3, 44315
20200723 14:25, gpu2005, 0, 00000000:3B:00.0,55,98,24, hothman, pmemd.cuda, 49529
20200723 14:25, gpu2005, 1, 00000000:AF:00.0,43,92,80, nbotha, python3, 44315
20200723 14:25, gpu2005, 2, 00000000:D8:00.0,32,0,0, nbotha, python3, 44315
20200723 14:30, gpu2005, 0, 00000000:3B:00.0,55,98,24, hothman, pmemd.cuda, 49529
20200723 14:30, gpu2005, 1, 00000000:AF:00.0,44,92,79, nbotha, python3, 44315
20200723 14:30, gpu2005, 2, 00000000:D8:00.0,32,0,0, nbotha, python3, 44315
20200723 14:35, gpu2005, 0, 00000000:3B:00.0,55,98,24, hothman, pmemd.cuda, 49529
20200723 14:35, gpu2005, 1, 00000000:AF:00.0,44,94,81, nbotha, python3, 44315
20200723 14:35, gpu2005, 2, 00000000:D8:00.0,32,0,0, nbotha, python3, 44315
20200723 14:40, gpu2005, 0, 00000000:3B:00.0,55,98,24, hothman, pmemd.cuda, 49529
20200723 14:40, gpu2005, 1, 00000000:AF:00.0,44,92,80, nbotha, python3, 44315
20200723 14:40, gpu2005, 2, 00000000:D8:00.0,32,0,0, nbotha, python3, 44315
20200723 14:45, gpu2005, 0, 00000000:3B:00.0,55,98,24, hothman, pmemd.cuda, 49529
20200723 14:45, gpu2005, 1, 00000000:AF:00.0,42,100,3, nbotha, python3, 44315
20200723 14:45, gpu2005, 2, 00000000:D8:00.0,32,0,0, nbotha, python3, 44315
20200723 14:50, gpu2005, 0, 00000000:3B:00.0,55,98,24, hothman, pmemd.cuda, 49529
20200723 14:50, gpu2005, 1, 00000000:AF:00.0,44,95,66, nbotha, python3, 44315
20200723 14:50, gpu2005, 2, 00000000:D8:00.0,32,0,0, nbotha, python3, 44315
20200723 14:55, gpu2005, 0, 00000000:3B:00.0,55,98,24, hothman, pmemd.cuda, 49529
20200723 14:55, gpu2005, 1, 00000000:AF:00.0,44,94,81, nbotha, python3, 44315
20200723 14:55, gpu2005, 2, 00000000:D8:00.0,32,0,0, nbotha, python3, 44315
20200723 15:00, gpu2005, 0, 00000000:3B:00.0,54,98,24, hothman, pmemd.cuda, 49529
20200723 15:00, gpu2005, 1, 00000000:AF:00.0,45,92,83, nbotha, python3, 44315
20200723 15:00, gpu2005, 2, 00000000:D8:00.0,32,0,0, nbotha, python3, 44315
20200723 15:05, gpu2005, 0, 00000000:3B:00.0,55,98,24, hothman, pmemd.cuda, 49529
20200723 15:05, gpu2005, 1, 00000000:AF:00.0,40,0,0, nbotha, python3, 44315
20200723 15:05, gpu2005, 2, 00000000:D8:00.0,32,0,0, nbotha, python3, 44315
20200723 15:10, gpu2005, 0, 00000000:3B:00.0,55,96,23, hothman, pmemd.cuda, 49529
20200723 15:10, gpu2005, 1, 00000000:AF:00.0,44,92,80, nbotha, python3, 44315
20200723 15:10, gpu2005, 2, 00000000:D8:00.0,32,0,0, nbotha, python3, 44315
20200723 15:15, gpu2005, 0, 00000000:3B:00.0,55,98,24, hothman, pmemd.cuda, 49529
20200723 15:15, gpu2005, 1, 00000000:AF:00.0,44,91,80, nbotha, python3, 44315
20200723 15:15, gpu2005, 2, 00000000:D8:00.0,32,0,0, nbotha, python3, 44315
20200723 15:20, gpu2005, 0, 00000000:3B:00.0,55,98,24, hothman, pmemd.cuda, 49529
20200723 15:20, gpu2005, 1, 00000000:AF:00.0,44,95,81, nbotha, python3, 44315
20200723 15:20, gpu2005, 2, 00000000:D8:00.0,32,0,0, nbotha, python3, 44315
20200723 15:25, gpu2005, 0, 00000000:3B:00.0,55,98,24, hothman, pmemd.cuda, 49529
20200723 15:25, gpu2005, 1, 00000000:AF:00.0,44,92,80, nbotha, python3, 44315
20200723 15:25, gpu2005, 2, 00000000:D8:00.0,32,0,0, nbotha, python3, 44315
20200723 15:30, gpu2005, 0, 00000000:3B:00.0,55,98,24, hothman, pmemd.cuda, 49529
20200723 15:30, gpu2005, 1, 00000000:AF:00.0,44,91,81, nbotha, python3, 44315
20200723 15:30, gpu2005, 2, 00000000:D8:00.0,32,0,0, nbotha, python3, 44315
20200723 15:35, gpu2005, 0, 00000000:3B:00.0,55,98,24, hothman, pmemd.cuda, 49529
20200723 15:35, gpu2005, 1, 00000000:AF:00.0,44,91,80, nbotha, python3, 44315
20200723 15:35, gpu2005, 2, 00000000:D8:00.0,32,0,0, nbotha, python3, 44315
20200723 15:40, gpu2005, 0, 00000000:3B:00.0,55,98,24, hothman, pmemd.cuda, 49529
20200723 15:40, gpu2005, 1, 00000000:AF:00.0,42,100,32, nbotha, python3, 44315
20200723 15:40, gpu2005, 2, 00000000:D8:00.0,32,0,0, nbotha, python3, 44315
20200723 15:45, gpu2005, 0, 00000000:3B:00.0,55,98,24, hothman, pmemd.cuda, 49529
20200723 15:45, gpu2005, 1, 00000000:AF:00.0,44,91,80, nbotha, python3, 44315
20200723 15:45, gpu2005, 2, 00000000:D8:00.0,32,0,0, nbotha, python3, 44315
20200723 15:50, gpu2005, 0, 00000000:3B:00.0,55,90,22, hothman, pmemd.cuda, 49529
20200723 15:50, gpu2005, 1, 00000000:AF:00.0,43,96,79, nbotha, python3, 44315
20200723 15:50, gpu2005, 2, 00000000:D8:00.0,32,0,0, nbotha, python3, 44315
20200723 15:55, gpu2005, 0, 00000000:3B:00.0,55,98,24, hothman, pmemd.cuda, 49529
20200723 15:55, gpu2005, 1, 00000000:AF:00.0,43,92,80, nbotha, python3, 44315
20200723 15:55, gpu2005, 2, 00000000:D8:00.0,32,0,0, nbotha, python3, 44315
20200723 16:00, gpu2005, 0, 00000000:3B:00.0,55,96,23, hothman, pmemd.cuda, 49529
20200723 16:00, gpu2005, 1, 00000000:AF:00.0,44,91,81, nbotha, python3, 44315
20200723 16:00, gpu2005, 2, 00000000:D8:00.0,32,0,0, nbotha, python3, 44315
20200723 16:05, gpu2005, 0, 00000000:3B:00.0,55,98,24, hothman, pmemd.cuda, 49529
20200723 16:05, gpu2005, 1, 00000000:AF:00.0,43,92,80, nbotha, python3, 44315
20200723 16:05, gpu2005, 2, 00000000:D8:00.0,32,0,0, nbotha, python3, 44315
20200723 16:10, gpu2005, 0, 00000000:3B:00.0,55,98,24, hothman, pmemd.cuda, 49529
20200723 16:10, gpu2005, 1, 00000000:AF:00.0,44,91,79, nbotha, python3, 44315
20200723 16:10, gpu2005, 2, 00000000:D8:00.0,32,0,0, nbotha, python3, 44315
20200723 16:15, gpu2005, 0, 00000000:3B:00.0,55,98,24, hothman, pmemd.cuda, 49529
20200723 16:15, gpu2005, 1, 00000000:AF:00.0,44,91,81, nbotha, python3, 44315
20200723 16:15, gpu2005, 2, 00000000:D8:00.0,32,0,0, nbotha, python3, 44315
20200723 16:20, gpu2005, 0, 00000000:3B:00.0,55,98,24, hothman, pmemd.cuda, 49529
20200723 16:20, gpu2005, 1, 00000000:AF:00.0,44,92,80, nbotha, python3, 44315
20200723 16:20, gpu2005, 2, 00000000:D8:00.0,32,0,0, nbotha, python3, 44315
20200723 16:25, gpu2005, 0, 00000000:3B:00.0,55,98,24, hothman, pmemd.cuda, 49529
20200723 16:25, gpu2005, 1, 00000000:AF:00.0,44,66,49, nbotha, python3, 44315
20200723 16:25, gpu2005, 2, 00000000:D8:00.0,32,0,0, nbotha, python3, 44315
20200723 16:30, gpu2005, 0, 00000000:3B:00.0,55,98,24, hothman, pmemd.cuda, 49529
20200723 16:30, gpu2005, 1, 00000000:AF:00.0,42,100,3, nbotha, python3, 44315
20200723 16:30, gpu2005, 2, 00000000:D8:00.0,32,0,0, nbotha, python3, 44315
20200723 16:35, gpu2005, 0, 00000000:3B:00.0,55,98,24, hothman, pmemd.cuda, 49529
20200723 16:35, gpu2005, 1, 00000000:AF:00.0,44,92,80, nbotha, python3, 44315
20200723 16:35, gpu2005, 2, 00000000:D8:00.0,32,0,0, nbotha, python3, 44315
20200723 16:40, gpu2005, 0, 00000000:3B:00.0,54,98,24, hothman, pmemd.cuda, 49529
20200723 16:40, gpu2005, 1, 00000000:AF:00.0,44,95,80, nbotha, python3, 44315
20200723 16:40, gpu2005, 2, 00000000:D8:00.0,32,0,0, nbotha, python3, 44315
20200723 16:45, gpu2005, 0, 00000000:3B:00.0,55,98,24, hothman, pmemd.cuda, 49529
20200723 16:45, gpu2005, 1, 00000000:AF:00.0,44,92,80, nbotha, python3, 44315
20200723 16:45, gpu2005, 2, 00000000:D8:00.0,32,0,0, nbotha, python3, 44315
20200723 16:50, gpu2005, 0, 00000000:3B:00.0,54,96,23, hothman, pmemd.cuda, 49529
20200723 16:50, gpu2005, 1, 00000000:AF:00.0,44,92,80, nbotha, python3, 44315
20200723 16:50, gpu2005, 2, 00000000:D8:00.0,32,0,0, nbotha, python3, 44315
20200723 16:55, gpu2005, 0, 00000000:3B:00.0,54,98,24, hothman, pmemd.cuda, 49529
20200723 16:55, gpu2005, 1, 00000000:AF:00.0,42,100,32, nbotha, python3, 44315
20200723 16:55, gpu2005, 2, 00000000:D8:00.0,32,0,0, nbotha, python3, 44315
20200723 17:00, gpu2005, 0, 00000000:3B:00.0,55,98,24, hothman, pmemd.cuda, 49529
20200723 17:00, gpu2005, 1, 00000000:AF:00.0,44,92,80, nbotha, python3, 44315
20200723 17:00, gpu2005, 2, 00000000:D8:00.0,32,0,0, nbotha, python3, 44315
20200723 17:05, gpu2005, 0, 00000000:3B:00.0,55,91,22, hothman, pmemd.cuda, 49529
20200723 17:05, gpu2005, 1, 00000000:AF:00.0,44,91,82, nbotha, python3, 44315
20200723 17:05, gpu2005, 2, 00000000:D8:00.0,32,0,0, nbotha, python3, 44315
20200723 17:10, gpu2005, 0, 00000000:3B:00.0,55,98,24, hothman, pmemd.cuda, 49529
20200723 17:10, gpu2005, 1, 00000000:AF:00.0,42,100,34, nbotha, python3, 44315
20200723 17:10, gpu2005, 2, 00000000:D8:00.0,32,0,0, nbotha, python3, 44315
20200723 17:15, gpu2005, 0, 00000000:3B:00.0,55,98,24, hothman, pmemd.cuda, 49529
20200723 17:15, gpu2005, 1, 00000000:AF:00.0,44,93,79, nbotha, python3, 44315
20200723 17:15, gpu2005, 2, 00000000:D8:00.0,32,0,0, nbotha, python3, 44315
20200723 17:20, gpu2005, 0, 00000000:3B:00.0,55,98,24, hothman, pmemd.cuda, 49529
20200723 17:20, gpu2005, 1, 00000000:AF:00.0,42,100,3, nbotha, python3, 44315
20200723 17:20, gpu2005, 2, 00000000:D8:00.0,32,0,0, nbotha, python3, 44315
20200723 17:25, gpu2005, 0, 00000000:3B:00.0,55,98,24, hothman, pmemd.cuda, 49529
20200723 17:25, gpu2005, 1, 00000000:AF:00.0,44,92,80, nbotha, python3, 44315
20200723 17:25, gpu2005, 2, 00000000:D8:00.0,32,0,0, nbotha, python3, 44315
20200723 17:30, gpu2005, 0, 00000000:3B:00.0,55,98,24, hothman, pmemd.cuda, 49529
20200723 17:30, gpu2005, 1, 00000000:AF:00.0,45,92,83, nbotha, python3, 44315
20200723 17:30, gpu2005, 2, 00000000:D8:00.0,32,0,0, nbotha, python3, 44315
20200723 17:35, gpu2005, 0, 00000000:3B:00.0,55,98,24, hothman, pmemd.cuda, 49529
20200723 17:35, gpu2005, 1, 00000000:AF:00.0,45,92,82, nbotha, python3, 44315
20200723 17:35, gpu2005, 2, 00000000:D8:00.0,32,0,0, nbotha, python3, 44315
20200723 17:40, gpu2005, 0, 00000000:3B:00.0,55,98,24, hothman, pmemd.cuda, 49529
20200723 17:40, gpu2005, 1, 00000000:AF:00.0,49,97,29, nbotha, python3, 44315
20200723 17:40, gpu2005, 2, 00000000:D8:00.0,32,0,0, nbotha, python3, 44315
20200723 17:45, gpu2005, 0, 00000000:3B:00.0,55,98,24, hothman, pmemd.cuda, 49529
20200723 17:45, gpu2005, 1, 00000000:AF:00.0,48,89,29, nbotha, python3, 44315
20200723 17:45, gpu2005, 2, 00000000:D8:00.0,32,0,0, nbotha, python3, 44315
20200723 17:50, gpu2005, 0, 00000000:3B:00.0,55,98,24, hothman, pmemd.cuda, 49529
20200723 17:50, gpu2005, 1, 00000000:AF:00.0,49,89,32, nbotha, python3, 44315
20200723 17:50, gpu2005, 2, 00000000:D8:00.0,32,0,0, nbotha, python3, 44315
20200723 17:55, gpu2005, 0, 00000000:3B:00.0,55,98,24, hothman, pmemd.cuda, 49529
20200723 17:55, gpu2005, 1, 00000000:AF:00.0,48,96,36, nbotha, python3, 44315
20200723 17:55, gpu2005, 2, 00000000:D8:00.0,32,0,0, nbotha, python3, 44315
20200723 18:00, gpu2005, 0, 00000000:3B:00.0,55,98,24, hothman, pmemd.cuda, 49529
20200723 18:00, gpu2005, 1, 00000000:AF:00.0,48,96,42, nbotha, python3, 44315
20200723 18:00, gpu2005, 2, 00000000:D8:00.0,32,0,0, nbotha, python3, 44315
20200723 18:05, gpu2005, 0, 00000000:3B:00.0,55,98,24, hothman, pmemd.cuda, 49529
20200723 18:05, gpu2005, 1, 00000000:AF:00.0,48,91,53, nbotha, python3, 44315
20200723 18:05, gpu2005, 2, 00000000:D8:00.0,32,0,0, nbotha, python3, 44315
20200723 18:10, gpu2005, 0, 00000000:3B:00.0,55,98,24, hothman, pmemd.cuda, 49529
20200723 18:10, gpu2005, 1, 00000000:AF:00.0,48,95,60, nbotha, python3, 44315
20200723 18:10, gpu2005, 2, 00000000:D8:00.0,32,0,0, nbotha, python3, 44315
20200723 18:15, gpu2005, 0, 00000000:3B:00.0,55,98,24, hothman, pmemd.cuda, 49529
20200723 18:15, gpu2005, 1, 00000000:AF:00.0,49,89,13, nbotha, python3, 44315
20200723 18:15, gpu2005, 2, 00000000:D8:00.0,32,0,0, nbotha, python3, 44315
20200723 18:20, gpu2005, 0, 00000000:3B:00.0,54,98,24, hothman, pmemd.cuda, 49529
20200723 18:20, gpu2005, 1, 00000000:AF:00.0,49,99,14, nbotha, python3, 44315
20200723 18:20, gpu2005, 2, 00000000:D8:00.0,32,0,0, nbotha, python3, 44315
20200723 18:25, gpu2005, 0, 00000000:3B:00.0,55,98,24, hothman, pmemd.cuda, 49529
20200723 18:25, gpu2005, 1, 00000000:AF:00.0,48,87,29, nbotha, python3, 44315
20200723 18:25, gpu2005, 2, 00000000:D8:00.0,32,0,0, nbotha, python3, 44315
20200723 18:30, gpu2005, 0, 00000000:3B:00.0,54,98,24, hothman, pmemd.cuda, 49529
20200723 18:30, gpu2005, 1, 00000000:AF:00.0,48,99,9, nbotha, python3, 44315
20200723 18:30, gpu2005, 2, 00000000:D8:00.0,32,0,0, nbotha, python3, 44315
20200723 18:35, gpu2005, 0, 00000000:3B:00.0,55,98,24, hothman, pmemd.cuda, 49529
20200723 18:35, gpu2005, 1, 00000000:AF:00.0,48,96,49, nbotha, python3, 44315
20200723 18:35, gpu2005, 2, 00000000:D8:00.0,32,0,0, nbotha, python3, 44315
20200723 18:40, gpu2005, 0, 00000000:3B:00.0,55,98,24, hothman, pmemd.cuda, 49529
20200723 18:40, gpu2005, 1, 00000000:AF:00.0,49,89,15, nbotha, python3, 44315
20200723 18:40, gpu2005, 2, 00000000:D8:00.0,32,0,0, nbotha, python3, 44315
20200723 18:45, gpu2005, 0, 00000000:3B:00.0,55,98,23, hothman, pmemd.cuda, 49529
20200723 18:45, gpu2005, 1, 00000000:AF:00.0,49,95,42, nbotha, python3, 44315
20200723 18:45, gpu2005, 2, 00000000:D8:00.0,32,0,0, nbotha, python3, 44315
20200723 18:50, gpu2005, 0, 00000000:3B:00.0,54,98,24, hothman, pmemd.cuda, 49529
20200723 18:50, gpu2005, 1, 00000000:AF:00.0,48,96,44, nbotha, python3, 44315
20200723 18:50, gpu2005, 2, 00000000:D8:00.0,32,0,0, nbotha, python3, 44315
20200723 18:55, gpu2005, 0, 00000000:3B:00.0,55,98,24, hothman, pmemd.cuda, 49529
20200723 18:55, gpu2005, 1, 00000000:AF:00.0,48,94,63, nbotha, python3, 44315
20200723 18:55, gpu2005, 2, 00000000:D8:00.0,32,0,0, nbotha, python3, 44315
20200723 19:00, gpu2005, 0, 00000000:3B:00.0,55,96,23, hothman, pmemd.cuda, 49529
20200723 19:00, gpu2005, 1, 00000000:AF:00.0,48,88,34, nbotha, python3, 44315
20200723 19:00, gpu2005, 2, 00000000:D8:00.0,32,0,0, nbotha, python3, 44315
20200723 19:05, gpu2005, 0, 00000000:3B:00.0,55,98,24, hothman, pmemd.cuda, 49529
20200723 19:05, gpu2005, 1, 00000000:AF:00.0,48,95,42, nbotha, python3, 44315
20200723 19:05, gpu2005, 2, 00000000:D8:00.0,32,0,0, nbotha, python3, 44315
20200723 19:10, gpu2005, 0, 00000000:3B:00.0,55,96,23, hothman, pmemd.cuda, 49529
20200723 19:10, gpu2005, 1, 00000000:AF:00.0,48,94,35, nbotha, python3, 44315
20200723 19:10, gpu2005, 2, 00000000:D8:00.0,32,0,0, nbotha, python3, 44315
20200723 19:15, gpu2005, 0, 00000000:3B:00.0,55,98,24, hothman, pmemd.cuda, 49529
20200723 19:15, gpu2005, 1, 00000000:AF:00.0,48,86,32, nbotha, python3, 44315
20200723 19:15, gpu2005, 2, 00000000:D8:00.0,32,0,0, nbotha, python3, 44315
20200723 19:20, gpu2005, 0, 00000000:3B:00.0,55,98,24, hothman, pmemd.cuda, 49529
20200723 19:20, gpu2005, 1, 00000000:AF:00.0,48,96,42, nbotha, python3, 44315
20200723 19:20, gpu2005, 2, 00000000:D8:00.0,32,0,0, nbotha, python3, 44315
20200723 19:25, gpu2005, 0, 00000000:3B:00.0,55,98,24, hothman, pmemd.cuda, 49529
20200723 19:25, gpu2005, 1, 00000000:AF:00.0,48,93,38, nbotha, python3, 44315
20200723 19:25, gpu2005, 2, 00000000:D8:00.0,32,0,0, nbotha, python3, 44315
20200723 19:30, gpu2005, 0, 00000000:3B:00.0,55,98,24, hothman, pmemd.cuda, 49529
20200723 19:30, gpu2005, 1, 00000000:AF:00.0,48,96,42, nbotha, python3, 44315
20200723 19:30, gpu2005, 2, 00000000:D8:00.0,32,0,0, nbotha, python3, 44315
20200723 19:35, gpu2005, 0, 00000000:3B:00.0,55,98,24, hothman, pmemd.cuda, 49529
20200723 19:35, gpu2005, 1, 00000000:AF:00.0,48,96,61, nbotha, python3, 44315
20200723 19:35, gpu2005, 2, 00000000:D8:00.0,32,0,0, nbotha, python3, 44315
20200723 19:40, gpu2005, 0, 00000000:3B:00.0,55,96,23, hothman, pmemd.cuda, 49529
20200723 19:40, gpu2005, 1, 00000000:AF:00.0,48,93,38, nbotha, python3, 44315
20200723 19:40, gpu2005, 2, 00000000:D8:00.0,32,0,0, nbotha, python3, 44315
20200723 19:45, gpu2005, 0, 00000000:3B:00.0,55,98,24, hothman, pmemd.cuda, 49529
20200723 19:45, gpu2005, 1, 00000000:AF:00.0,49,88,19, nbotha, python3, 44315
20200723 19:45, gpu2005, 2, 00000000:D8:00.0,32,0,0, nbotha, python3, 44315
20200723 19:50, gpu2005, 0, 00000000:3B:00.0,55,98,24, hothman, pmemd.cuda, 49529
20200723 19:50, gpu2005, 1, 00000000:AF:00.0,48,90,9, nbotha, python3, 44315
20200723 19:50, gpu2005, 2, 00000000:D8:00.0,32,0,0, nbotha, python3, 44315
20200723 19:55, gpu2005, 0, 00000000:3B:00.0,54,90,22, hothman, pmemd.cuda, 49529
20200723 19:55, gpu2005, 1, 00000000:AF:00.0,48,98,16, nbotha, python3, 44315
20200723 19:55, gpu2005, 2, 00000000:D8:00.0,32,0,0, nbotha, python3, 44315
20200723 20:00, gpu2005, 0, 00000000:3B:00.0,55,98,24, hothman, pmemd.cuda, 49529
20200723 20:00, gpu2005, 1, 00000000:AF:00.0,48,96,29, nbotha, python3, 44315
20200723 20:00, gpu2005, 2, 00000000:D8:00.0,32,0,0, nbotha, python3, 44315
20200723 20:05, gpu2005, 0, 00000000:3B:00.0,55,98,24, hothman, pmemd.cuda, 49529
20200723 20:05, gpu2005, 1, 00000000:AF:00.0,48,96,40, nbotha, python3, 44315
20200723 20:05, gpu2005, 2, 00000000:D8:00.0,32,0,0, nbotha, python3, 44315
20200723 20:10, gpu2005, 0, 00000000:3B:00.0,55,98,24, hothman, pmemd.cuda, 49529
20200723 20:10, gpu2005, 1, 00000000:AF:00.0,48,98,28, nbotha, python3, 44315
20200723 20:10, gpu2005, 2, 00000000:D8:00.0,32,0,0, nbotha, python3, 44315
20200723 20:15, gpu2005, 0, 00000000:3B:00.0,55,96,23, hothman, pmemd.cuda, 49529
20200723 20:15, gpu2005, 1, 00000000:AF:00.0,50,99,12, nbotha, python3, 44315
20200723 20:15, gpu2005, 2, 00000000:D8:00.0,32,0,0, nbotha, python3, 44315
20200723 20:20, gpu2005, 0, 00000000:3B:00.0,54,98,24, hothman, pmemd.cuda, 49529
20200723 20:20, gpu2005, 1, 00000000:AF:00.0,50,94,24, nbotha, python3, 44315
20200723 20:20, gpu2005, 2, 00000000:D8:00.0,32,0,0, nbotha, python3, 44315
20200723 20:25, gpu2005, 0, 00000000:3B:00.0,55,98,24, hothman, pmemd.cuda, 49529
20200723 20:25, gpu2005, 1, 00000000:AF:00.0,51,99,20, nbotha, python3, 44315
20200723 20:25, gpu2005, 2, 00000000:D8:00.0,32,0,0, nbotha, python3, 44315
20200723 20:30, gpu2005, 0, 00000000:3B:00.0,55,98,24, hothman, pmemd.cuda, 49529
20200723 20:30, gpu2005, 1, 00000000:AF:00.0,49,85,36, nbotha, python3, 44315
20200723 20:30, gpu2005, 2, 00000000:D8:00.0,32,0,0, nbotha, python3, 44315
20200723 20:35, gpu2005, 0, 00000000:3B:00.0,55,97,24, hothman, pmemd.cuda, 49529
20200723 20:35, gpu2005, 1, 00000000:AF:00.0,50,98,28, nbotha, python3, 44315
20200723 20:35, gpu2005, 2, 00000000:D8:00.0,32,0,0, nbotha, python3, 44315
20200723 20:40, gpu2005, 0, 00000000:3B:00.0,55,98,24, hothman, pmemd.cuda, 49529
20200723 20:40, gpu2005, 1, 00000000:AF:00.0,50,95,30, nbotha, python3, 44315
20200723 20:40, gpu2005, 2, 00000000:D8:00.0,32,0,0, nbotha, python3, 44315
20200723 20:45, gpu2005, 0, 00000000:3B:00.0,55,90,22, hothman, pmemd.cuda, 49529
20200723 20:45, gpu2005, 1, 00000000:AF:00.0,50,78,29, nbotha, python3, 44315
20200723 20:45, gpu2005, 2, 00000000:D8:00.0,32,0,0, nbotha, python3, 44315
20200723 20:50, gpu2005, 0, 00000000:3B:00.0,55,98,24, hothman, pmemd.cuda, 49529
20200723 20:50, gpu2005, 1, 00000000:AF:00.0,50,98,28, nbotha, python3, 44315
20200723 20:50, gpu2005, 2, 00000000:D8:00.0,32,0,0, nbotha, python3, 44315
20200723 20:55, gpu2005, 0, 00000000:3B:00.0,55,98,24, hothman, pmemd.cuda, 49529
20200723 20:55, gpu2005, 1, 00000000:AF:00.0,51,98,28, nbotha, python3, 44315
20200723 20:55, gpu2005, 2, 00000000:D8:00.0,32,0,0, nbotha, python3, 44315
20200723 21:00, gpu2005, 0, 00000000:3B:00.0,55,98,24, hothman, pmemd.cuda, 49529
20200723 21:00, gpu2005, 1, 00000000:AF:00.0,50,93,28, nbotha, python3, 44315
20200723 21:00, gpu2005, 2, 00000000:D8:00.0,32,0,0, nbotha, python3, 44315
20200723 21:05, gpu2005, 0, 00000000:3B:00.0,55,98,24, hothman, pmemd.cuda, 49529
20200723 21:05, gpu2005, 1, 00000000:AF:00.0,47,76,21, nbotha, python3, 44315
20200723 21:05, gpu2005, 2, 00000000:D8:00.0,32,0,0, nbotha, python3, 44315
20200723 21:10, gpu2005, 0, 00000000:3B:00.0,55,96,23, hothman, pmemd.cuda, 49529
20200723 21:10, gpu2005, 1, 00000000:AF:00.0,48,96,27, nbotha, python3, 44315
20200723 21:10, gpu2005, 2, 00000000:D8:00.0,32,0,0, nbotha, python3, 44315
20200723 21:15, gpu2005, 0, 00000000:3B:00.0,55,98,24, hothman, pmemd.cuda, 49529
20200723 21:15, gpu2005, 1, 00000000:AF:00.0,47,94,45, nbotha, python3, 44315
20200723 21:15, gpu2005, 2, 00000000:D8:00.0,32,0,0, nbotha, python3, 44315
20200723 21:20, gpu2005, 0, 00000000:3B:00.0,55,98,24, hothman, pmemd.cuda, 49529
20200723 21:20, gpu2005, 1, 00000000:AF:00.0,48,95,48, nbotha, python3, 44315
20200723 21:20, gpu2005, 2, 00000000:D8:00.0,32,0,0, nbotha, python3, 44315
20200723 21:25, gpu2005, 0, 00000000:3B:00.0,55,98,24, hothman, pmemd.cuda, 49529
20200723 21:25, gpu2005, 1, 00000000:AF:00.0,48,85,37, nbotha, python3, 44315
20200723 21:25, gpu2005, 2, 00000000:D8:00.0,32,0,0, nbotha, python3, 44315
20200723 21:30, gpu2005, 0, 00000000:3B:00.0,55,98,24, hothman, pmemd.cuda, 49529
20200723 21:30, gpu2005, 1, 00000000:AF:00.0,48,96,27, nbotha, python3, 44315
20200723 21:30, gpu2005, 2, 00000000:D8:00.0,32,0,0, nbotha, python3, 44315
20200723 21:35, gpu2005, 0, 00000000:3B:00.0,54,98,24, hothman, pmemd.cuda, 49529
20200723 21:35, gpu2005, 1, 00000000:AF:00.0,48,90,30, nbotha, python3, 44315
20200723 21:35, gpu2005, 2, 00000000:D8:00.0,32,0,0, nbotha, python3, 44315
20200723 21:40, gpu2005, 0, 00000000:3B:00.0,55,98,24, hothman, pmemd.cuda, 49529
20200723 21:40, gpu2005, 1, 00000000:AF:00.0,48,95,46, nbotha, python3, 44315
20200723 21:40, gpu2005, 2, 00000000:D8:00.0,32,0,0, nbotha, python3, 44315
20200723 21:45, gpu2005, 0, 00000000:3B:00.0,55,98,24, hothman, pmemd.cuda, 49529
20200723 21:45, gpu2005, 1, 00000000:AF:00.0,48,82,31, nbotha, python3, 44315
20200723 21:45, gpu2005, 2, 00000000:D8:00.0,32,0,0, nbotha, python3, 44315
20200723 21:50, gpu2005, 0, 00000000:3B:00.0,55,98,24, hothman, pmemd.cuda, 49529
20200723 21:50, gpu2005, 1, 00000000:AF:00.0,48,96,27, nbotha, python3, 44315
20200723 21:50, gpu2005, 2, 00000000:D8:00.0,32,0,0, nbotha, python3, 44315
20200723 21:55, gpu2005, 0, 00000000:3B:00.0,55,98,24, hothman, pmemd.cuda, 49529
20200723 21:55, gpu2005, 1, 00000000:AF:00.0,48,96,27, nbotha, python3, 44315
20200723 21:55, gpu2005, 2, 00000000:D8:00.0,32,0,0, nbotha, python3, 44315
20200723 22:00, gpu2005, 0, 00000000:3B:00.0,55,98,24, hothman, pmemd.cuda, 49529
20200723 22:00, gpu2005, 1, 00000000:AF:00.0,47,95,46, nbotha, python3, 44315
20200723 22:00, gpu2005, 2, 00000000:D8:00.0,32,0,0, nbotha, python3, 44315
20200723 22:05, gpu2005, 0, 00000000:3B:00.0,55,98,24, hothman, pmemd.cuda, 49529
20200723 22:05, gpu2005, 1, 00000000:AF:00.0,31,0,0, null, null, null
20200723 22:05, gpu2005, 2, 00000000:D8:00.0,30,0,0, null, null, null
20200723 22:10, gpu2005, 0, 00000000:3B:00.0,55,96,23, hothman, pmemd.cuda, 49529
20200723 22:10, gpu2005, 1, 00000000:AF:00.0,32,0,0, sabramowitz, python3, 97509 97783 97784
20200723 22:10, gpu2005, 2, 00000000:D8:00.0,32,0,0, sabramowitz, python3, 97509 97783 97784
20200723 22:15, gpu2005, 0, 00000000:3B:00.0,55,98,24, hothman, pmemd.cuda, 49529
20200723 22:15, gpu2005, 1, 00000000:AF:00.0,32,0,0, sabramowitz, python3, 97509 97783 97784
20200723 22:15, gpu2005, 2, 00000000:D8:00.0,34,29,13, sabramowitz, python3, 97509 97783 97784
20200723 22:20, gpu2005, 0, 00000000:3B:00.0,31,0,0, null, null, null
20200723 22:20, gpu2005, 1, 00000000:AF:00.0,32,0,0, sabramowitz, python3, 97509 97783 97784
20200723 22:20, gpu2005, 2, 00000000:D8:00.0,33,0,0, sabramowitz, python3, 97509 97783 97784
20200723 22:25, gpu2005, 0, 00000000:3B:00.0,31,0,0, null, null, null
20200723 22:25, gpu2005, 1, 00000000:AF:00.0,32,0,0, sabramowitz, python3, 97509 97783 97784
20200723 22:25, gpu2005, 2, 00000000:D8:00.0,33,0,0, sabramowitz, python3, 97509 97783 97784
20200723 22:30, gpu2005, 0, 00000000:3B:00.0,31,0,0, null, null, null
20200723 22:30, gpu2005, 1, 00000000:AF:00.0,32,0,0, sabramowitz, python3, 97509 97783 97784
20200723 22:30, gpu2005, 2, 00000000:D8:00.0,34,11,4, sabramowitz, python3, 97509 97783 97784
20200723 22:35, gpu2005, 0, 00000000:3B:00.0,31,0,0, null, null, null
20200723 22:35, gpu2005, 1, 00000000:AF:00.0,30,0,0, null, null, null
20200723 22:35, gpu2005, 2, 00000000:D8:00.0,30,0,0, null, null, null
20200723 22:40, gpu2005, 0, 00000000:3B:00.0,35,41,6, abiswas, python3, 99955
20200723 22:40, gpu2005, 1, 00000000:AF:00.0,34,22,3, abiswas, python3, 99955
20200723 22:40, gpu2005, 2, 00000000:D8:00.0,34,0,0, abiswas, python3, 99955
20200723 22:45, gpu2005, 0, 00000000:3B:00.0,36,36,7, abiswas, python3, 99955
20200723 22:45, gpu2005, 1, 00000000:AF:00.0,35,0,0, abiswas, python3, 99955
20200723 22:45, gpu2005, 2, 00000000:D8:00.0,35,17,2, abiswas, python3, 99955
20200723 22:50, gpu2005, 0, 00000000:3B:00.0,37,17,2, abiswas, python3, 99955
20200723 22:50, gpu2005, 1, 00000000:AF:00.0,36,36,4, abiswas, python3, 99955
20200723 22:50, gpu2005, 2, 00000000:D8:00.0,36,23,3, abiswas, python3, 99955
20200723 22:55, gpu2005, 0, 00000000:3B:00.0,38,54,12, abiswas, python3, 99955
20200723 22:55, gpu2005, 1, 00000000:AF:00.0,36,60,13, abiswas, python3, 99955
20200723 22:55, gpu2005, 2, 00000000:D8:00.0,36,23,4, abiswas, python3, 99955
20200723 23:00, gpu2005, 0, 00000000:3B:00.0,37,29,4, abiswas, python3, 99955
20200723 23:00, gpu2005, 1, 00000000:AF:00.0,36,24,3, abiswas, python3, 99955
20200723 23:00, gpu2005, 2, 00000000:D8:00.0,36,21,4, abiswas, python3, 99955
20200723 23:05, gpu2005, 0, 00000000:3B:00.0,37,5,1, abiswas, python3, 99955
20200723 23:05, gpu2005, 1, 00000000:AF:00.0,36,0,0, abiswas, python3, 99955
20200723 23:05, gpu2005, 2, 00000000:D8:00.0,37,24,5, abiswas, python3, 99955
20200723 23:10, gpu2005, 0, 00000000:3B:00.0,37,32,5, abiswas, python3, 99955
20200723 23:10, gpu2005, 1, 00000000:AF:00.0,36,19,3, abiswas, python3, 99955
20200723 23:10, gpu2005, 2, 00000000:D8:00.0,36,32,4, abiswas, python3, 99955
20200723 23:15, gpu2005, 0, 00000000:3B:00.0,37,0,0, abiswas, python3, 99955
20200723 23:15, gpu2005, 1, 00000000:AF:00.0,37,0,0, abiswas, python3, 99955
20200723 23:15, gpu2005, 2, 00000000:D8:00.0,38,30,9, abiswas, python3, 99955
20200723 23:20, gpu2005, 0, 00000000:3B:00.0,36,0,0, abiswas, python3, 99955
20200723 23:20, gpu2005, 1, 00000000:AF:00.0,36,0,0, abiswas, python3, 99955
20200723 23:20, gpu2005, 2, 00000000:D8:00.0,35,11,3, abiswas, python3, 99955
20200723 23:25, gpu2005, 0, 00000000:3B:00.0,38,12,2, abiswas, python3, 99955
20200723 23:25, gpu2005, 1, 00000000:AF:00.0,36,51,11, abiswas, python3, 99955
20200723 23:25, gpu2005, 2, 00000000:D8:00.0,36,3,0, abiswas, python3, 99955
20200723 23:30, gpu2005, 0, 00000000:3B:00.0,38,14,2, abiswas, python3, 99955
20200723 23:30, gpu2005, 1, 00000000:AF:00.0,36,50,11, abiswas, python3, 99955
20200723 23:30, gpu2005, 2, 00000000:D8:00.0,36,8,0, abiswas, python3, 99955
20200723 23:35, gpu2005, 0, 00000000:3B:00.0,37,20,3, abiswas, python3, 99955
20200723 23:35, gpu2005, 1, 00000000:AF:00.0,36,3,0, abiswas, python3, 99955
20200723 23:35, gpu2005, 2, 00000000:D8:00.0,37,18,4, abiswas, python3, 99955
20200723 23:40, gpu2005, 0, 00000000:3B:00.0,37,45,9, abiswas, python3, 99955
20200723 23:40, gpu2005, 1, 00000000:AF:00.0,35,24,4, abiswas, python3, 99955
20200723 23:40, gpu2005, 2, 00000000:D8:00.0,35,0,0, abiswas, python3, 99955
20200723 23:45, gpu2005, 0, 00000000:3B:00.0,37,25,4, abiswas, python3, 99955
20200723 23:45, gpu2005, 1, 00000000:AF:00.0,36,15,2, abiswas, python3, 99955
20200723 23:45, gpu2005, 2, 00000000:D8:00.0,36,0,0, abiswas, python3, 99955
20200723 23:50, gpu2005, 0, 00000000:3B:00.0,39,63,20, abiswas, python3, 99955
20200723 23:50, gpu2005, 1, 00000000:AF:00.0,37,68,20, abiswas, python3, 99955
20200723 23:50, gpu2005, 2, 00000000:D8:00.0,37,0,0, abiswas, python3, 99955
20200723 23:55, gpu2005, 0, 00000000:3B:00.0,37,29,5, abiswas, python3, 99955
20200723 23:55, gpu2005, 1, 00000000:AF:00.0,36,14,2, abiswas, python3, 99955
20200723 23:55, gpu2005, 2, 00000000:D8:00.0,36,32,5, abiswas, python3, 99955
