20200717 00:00, gpu2006, 0, 00000000:3B:00.0,45,90,33, nbotha, python3, 62726 62865 63187 63219 63220 63221 63222 63223 63224
20200717 00:00, gpu2006, 1, 00000000:AF:00.0,31,0,0, nbotha, python3, 62726 62865 63187 63219 63220 63221 63222 63223 63224
20200717 00:00, gpu2006, 2, 00000000:D8:00.0,30,0,0, kweiher, python, 62865 63187 63219 63220 63221 63222 63223 63224
20200717 00:05, gpu2006, 0, 00000000:3B:00.0,45,91,34, nbotha, python3, 62726 62865 63187 63219 63220 63221 63222 63223 63224
20200717 00:05, gpu2006, 1, 00000000:AF:00.0,32,0,0, nbotha, python3, 62726 62865 63187 63219 63220 63221 63222 63223 63224
20200717 00:05, gpu2006, 2, 00000000:D8:00.0,30,0,0, kweiher, python, 62865 63187 63219 63220 63221 63222 63223 63224
20200717 00:10, gpu2006, 0, 00000000:3B:00.0,45,91,36, nbotha, python3, 62726 62865 63187 63219 63220 63221 63222 63223 63224
20200717 00:10, gpu2006, 1, 00000000:AF:00.0,31,0,0, nbotha, python3, 62726 62865 63187 63219 63220 63221 63222 63223 63224
20200717 00:10, gpu2006, 2, 00000000:D8:00.0,30,0,0, kweiher, python, 62865 63187 63219 63220 63221 63222 63223 63224
20200717 00:15, gpu2006, 0, 00000000:3B:00.0,45,89,32, nbotha, python3, 62726 62865 63187 63219 63220 63221 63222 63223 63224
20200717 00:15, gpu2006, 1, 00000000:AF:00.0,32,0,0, nbotha, python3, 62726 62865 63187 63219 63220 63221 63222 63223 63224
20200717 00:15, gpu2006, 2, 00000000:D8:00.0,30,0,0, kweiher, python, 62865 63187 63219 63220 63221 63222 63223 63224
20200717 00:20, gpu2006, 0, 00000000:3B:00.0,45,91,34, nbotha, python3, 62726 62865 63187 63219 63220 63221 63222 63223 63224
20200717 00:20, gpu2006, 1, 00000000:AF:00.0,31,0,0, nbotha, python3, 62726 62865 63187 63219 63220 63221 63222 63223 63224
20200717 00:20, gpu2006, 2, 00000000:D8:00.0,30,0,0, kweiher, python, 62865 63187 63219 63220 63221 63222 63223 63224
20200717 00:25, gpu2006, 0, 00000000:3B:00.0,45,90,34, nbotha, python3, 62726 62865 63187 63219 63220 63221 63222 63223 63224
20200717 00:25, gpu2006, 1, 00000000:AF:00.0,32,0,0, nbotha, python3, 62726 62865 63187 63219 63220 63221 63222 63223 63224
20200717 00:25, gpu2006, 2, 00000000:D8:00.0,30,0,0, kweiher, python, 62865 63187 63219 63220 63221 63222 63223 63224
20200717 00:30, gpu2006, 0, 00000000:3B:00.0,46,97,30, nbotha, python3, 62726 62865 63187 63219 63220 63221 63222 63223 63224
20200717 00:30, gpu2006, 1, 00000000:AF:00.0,32,0,0, nbotha, python3, 62726 62865 63187 63219 63220 63221 63222 63223 63224
20200717 00:30, gpu2006, 2, 00000000:D8:00.0,30,0,0, kweiher, python, 62865 63187 63219 63220 63221 63222 63223 63224
20200717 00:35, gpu2006, 0, 00000000:3B:00.0,45,90,34, nbotha, python3, 62726 62865 63187 63219 63220 63221 63222 63223 63224
20200717 00:35, gpu2006, 1, 00000000:AF:00.0,32,0,0, nbotha, python3, 62726 62865 63187 63219 63220 63221 63222 63223 63224
20200717 00:35, gpu2006, 2, 00000000:D8:00.0,30,0,0, kweiher, python, 62865 63187 63219 63220 63221 63222 63223 63224
20200717 00:40, gpu2006, 0, 00000000:3B:00.0,45,90,34, nbotha, python3, 62726 62865 63187 63219 63220 63221 63222 63223 63224
20200717 00:40, gpu2006, 1, 00000000:AF:00.0,32,0,0, nbotha, python3, 62726 62865 63187 63219 63220 63221 63222 63223 63224
20200717 00:40, gpu2006, 2, 00000000:D8:00.0,31,0,0, kweiher, python, 62865 63187 63219 63220 63221 63222 63223 63224
20200717 00:45, gpu2006, 0, 00000000:3B:00.0,44,90,33, nbotha, python3, 62726 62865 63187 63219 63220 63221 63222 63223 63224
20200717 00:45, gpu2006, 1, 00000000:AF:00.0,32,0,0, nbotha, python3, 62726 62865 63187 63219 63220 63221 63222 63223 63224
20200717 00:45, gpu2006, 2, 00000000:D8:00.0,30,0,0, kweiher, python, 62865 63187 63219 63220 63221 63222 63223 63224
20200717 00:50, gpu2006, 0, 00000000:3B:00.0,46,97,30, nbotha, python3, 62726 62865 63187 63219 63220 63221 63222 63223 63224
20200717 00:50, gpu2006, 1, 00000000:AF:00.0,32,0,0, nbotha, python3, 62726 62865 63187 63219 63220 63221 63222 63223 63224
20200717 00:50, gpu2006, 2, 00000000:D8:00.0,30,0,0, kweiher, python, 62865 63187 63219 63220 63221 63222 63223 63224
20200717 00:55, gpu2006, 0, 00000000:3B:00.0,44,90,34, nbotha, python3, 62726 62865 63187 63219 63220 63221 63222 63223 63224
20200717 00:55, gpu2006, 1, 00000000:AF:00.0,32,0,0, nbotha, python3, 62726 62865 63187 63219 63220 63221 63222 63223 63224
20200717 00:55, gpu2006, 2, 00000000:D8:00.0,30,0,0, kweiher, python, 62865 63187 63219 63220 63221 63222 63223 63224
20200717 01:00, gpu2006, 0, 00000000:3B:00.0,45,97,30, nbotha, python3, 62726 62865 63187 63219 63220 63221 63222 63223 63224
20200717 01:00, gpu2006, 1, 00000000:AF:00.0,31,0,0, nbotha, python3, 62726 62865 63187 63219 63220 63221 63222 63223 63224
20200717 01:00, gpu2006, 2, 00000000:D8:00.0,30,0,0, kweiher, python, 62865 63187 63219 63220 63221 63222 63223 63224
20200717 01:05, gpu2006, 0, 00000000:3B:00.0,45,91,33, nbotha, python3, 62726 62865 63187 63219 63220 63221 63222 63223 63224
20200717 01:05, gpu2006, 1, 00000000:AF:00.0,32,0,0, nbotha, python3, 62726 62865 63187 63219 63220 63221 63222 63223 63224
20200717 01:05, gpu2006, 2, 00000000:D8:00.0,30,0,0, kweiher, python, 62865 63187 63219 63220 63221 63222 63223 63224
20200717 01:10, gpu2006, 0, 00000000:3B:00.0,45,97,30, nbotha, python3, 62726 62865 63187 63219 63220 63221 63222 63223 63224
20200717 01:10, gpu2006, 1, 00000000:AF:00.0,32,0,0, nbotha, python3, 62726 62865 63187 63219 63220 63221 63222 63223 63224
20200717 01:10, gpu2006, 2, 00000000:D8:00.0,30,0,0, kweiher, python, 62865 63187 63219 63220 63221 63222 63223 63224
20200717 01:15, gpu2006, 0, 00000000:3B:00.0,45,91,34, nbotha, python3, 62726 62865 63187 63219 63220 63221 63222 63223 63224
20200717 01:15, gpu2006, 1, 00000000:AF:00.0,31,0,0, nbotha, python3, 62726 62865 63187 63219 63220 63221 63222 63223 63224
20200717 01:15, gpu2006, 2, 00000000:D8:00.0,30,0,0, kweiher, python, 62865 63187 63219 63220 63221 63222 63223 63224
20200717 01:20, gpu2006, 0, 00000000:3B:00.0,44,91,34, nbotha, python3, 62726 62865 63187 63219 63220 63221 63222 63223 63224
20200717 01:20, gpu2006, 1, 00000000:AF:00.0,32,0,0, nbotha, python3, 62726 62865 63187 63219 63220 63221 63222 63223 63224
20200717 01:20, gpu2006, 2, 00000000:D8:00.0,30,0,0, kweiher, python, 62865 63187 63219 63220 63221 63222 63223 63224
20200717 01:25, gpu2006, 0, 00000000:3B:00.0,45,97,29, nbotha, python3, 62726 62865 63187 63219 63220 63221 63222 63223 63224
20200717 01:25, gpu2006, 1, 00000000:AF:00.0,31,0,0, nbotha, python3, 62726 62865 63187 63219 63220 63221 63222 63223 63224
20200717 01:25, gpu2006, 2, 00000000:D8:00.0,30,0,0, kweiher, python, 62865 63187 63219 63220 63221 63222 63223 63224
20200717 01:30, gpu2006, 0, 00000000:3B:00.0,45,90,29, nbotha, python3, 62726 62865 63187 63219 63220 63221 63222 63223 63224
20200717 01:30, gpu2006, 1, 00000000:AF:00.0,31,0,0, nbotha, python3, 62726 62865 63187 63219 63220 63221 63222 63223 63224
20200717 01:30, gpu2006, 2, 00000000:D8:00.0,30,0,0, kweiher, python, 62865 63187 63219 63220 63221 63222 63223 63224
20200717 01:35, gpu2006, 0, 00000000:3B:00.0,45,90,34, nbotha, python3, 62726 62865 63187 63219 63220 63221 63222 63223 63224
20200717 01:35, gpu2006, 1, 00000000:AF:00.0,32,0,0, nbotha, python3, 62726 62865 63187 63219 63220 63221 63222 63223 63224
20200717 01:35, gpu2006, 2, 00000000:D8:00.0,30,0,0, kweiher, python, 62865 63187 63219 63220 63221 63222 63223 63224
20200717 01:40, gpu2006, 0, 00000000:3B:00.0,44,90,34, nbotha, python3, 62726 62865 63187 63219 63220 63221 63222 63223 63224
20200717 01:40, gpu2006, 1, 00000000:AF:00.0,31,0,0, nbotha, python3, 62726 62865 63187 63219 63220 63221 63222 63223 63224
20200717 01:40, gpu2006, 2, 00000000:D8:00.0,30,0,0, kweiher, python, 62865 63187 63219 63220 63221 63222 63223 63224
20200717 01:45, gpu2006, 0, 00000000:3B:00.0,45,93,32, nbotha, python3, 62726 62865 63187 63219 63220 63221 63222 63223 63224
20200717 01:45, gpu2006, 1, 00000000:AF:00.0,32,0,0, nbotha, python3, 62726 62865 63187 63219 63220 63221 63222 63223 63224
20200717 01:45, gpu2006, 2, 00000000:D8:00.0,30,0,0, kweiher, python, 62865 63187 63219 63220 63221 63222 63223 63224
20200717 01:50, gpu2006, 0, 00000000:3B:00.0,44,91,38, nbotha, python3, 62726 62865 63187 63219 63220 63221 63222 63223 63224
20200717 01:50, gpu2006, 1, 00000000:AF:00.0,32,0,0, nbotha, python3, 62726 62865 63187 63219 63220 63221 63222 63223 63224
20200717 01:50, gpu2006, 2, 00000000:D8:00.0,30,0,0, kweiher, python, 62865 63187 63219 63220 63221 63222 63223 63224
20200717 01:55, gpu2006, 0, 00000000:3B:00.0,46,97,30, nbotha, python3, 62726 62865 63187 63219 63220 63221 63222 63223 63224
20200717 01:55, gpu2006, 1, 00000000:AF:00.0,32,0,0, nbotha, python3, 62726 62865 63187 63219 63220 63221 63222 63223 63224
20200717 01:55, gpu2006, 2, 00000000:D8:00.0,30,0,0, kweiher, python, 62865 63187 63219 63220 63221 63222 63223 63224
20200717 02:00, gpu2006, 0, 00000000:3B:00.0,45,97,31, nbotha, python3, 62726 62865 63187 63219 63220 63221 63222 63223 63224
20200717 02:00, gpu2006, 1, 00000000:AF:00.0,32,0,0, nbotha, python3, 62726 62865 63187 63219 63220 63221 63222 63223 63224
20200717 02:00, gpu2006, 2, 00000000:D8:00.0,30,0,0, kweiher, python, 62865 63187 63219 63220 63221 63222 63223 63224
20200717 02:05, gpu2006, 0, 00000000:3B:00.0,45,90,34, nbotha, python3, 62726 62865 63187 63219 63220 63221 63222 63223 63224
20200717 02:05, gpu2006, 1, 00000000:AF:00.0,32,0,0, nbotha, python3, 62726 62865 63187 63219 63220 63221 63222 63223 63224
20200717 02:05, gpu2006, 2, 00000000:D8:00.0,30,0,0, kweiher, python, 62865 63187 63219 63220 63221 63222 63223 63224
20200717 02:10, gpu2006, 0, 00000000:3B:00.0,45,90,31, nbotha, python3, 62726 62865 63187 63219 63220 63221 63222 63223 63224
20200717 02:10, gpu2006, 1, 00000000:AF:00.0,32,0,0, nbotha, python3, 62726 62865 63187 63219 63220 63221 63222 63223 63224
20200717 02:10, gpu2006, 2, 00000000:D8:00.0,30,0,0, kweiher, python, 62865 63187 63219 63220 63221 63222 63223 63224
20200717 02:15, gpu2006, 0, 00000000:3B:00.0,44,90,34, nbotha, python3, 62726 62865 63187 63219 63220 63221 63222 63223 63224
20200717 02:15, gpu2006, 1, 00000000:AF:00.0,31,0,0, nbotha, python3, 62726 62865 63187 63219 63220 63221 63222 63223 63224
20200717 02:15, gpu2006, 2, 00000000:D8:00.0,30,0,0, kweiher, python, 62865 63187 63219 63220 63221 63222 63223 63224
20200717 02:20, gpu2006, 0, 00000000:3B:00.0,46,97,30, nbotha, python3, 62726 62865 63187 63219 63220 63221 63222 63223 63224
20200717 02:20, gpu2006, 1, 00000000:AF:00.0,32,0,0, nbotha, python3, 62726 62865 63187 63219 63220 63221 63222 63223 63224
20200717 02:20, gpu2006, 2, 00000000:D8:00.0,30,0,0, kweiher, python, 62865 63187 63219 63220 63221 63222 63223 63224
20200717 02:25, gpu2006, 0, 00000000:3B:00.0,45,90,34, nbotha, python3, 62726 62865 63187 63219 63220 63221 63222 63223 63224
20200717 02:25, gpu2006, 1, 00000000:AF:00.0,31,0,0, nbotha, python3, 62726 62865 63187 63219 63220 63221 63222 63223 63224
20200717 02:25, gpu2006, 2, 00000000:D8:00.0,30,0,0, kweiher, python, 62865 63187 63219 63220 63221 63222 63223 63224
20200717 02:30, gpu2006, 0, 00000000:3B:00.0,44,90,34, nbotha, python3, 62726 62865 63187 63219 63220 63221 63222 63223 63224
20200717 02:30, gpu2006, 1, 00000000:AF:00.0,31,0,0, nbotha, python3, 62726 62865 63187 63219 63220 63221 63222 63223 63224
20200717 02:30, gpu2006, 2, 00000000:D8:00.0,30,0,0, kweiher, python, 62865 63187 63219 63220 63221 63222 63223 63224
20200717 02:35, gpu2006, 0, 00000000:3B:00.0,45,93,37, nbotha, python3, 62726 62865 63187 77394 77395 77396 77397 77398 77399
20200717 02:35, gpu2006, 1, 00000000:AF:00.0,32,0,0, nbotha, python3, 62726 62865 63187 77394 77395 77396 77397 77398 77399
20200717 02:35, gpu2006, 2, 00000000:D8:00.0,30,0,0, kweiher, python, 62865 63187 77394 77395 77396 77397 77398 77399
20200717 02:40, gpu2006, 0, 00000000:3B:00.0,45,93,37, nbotha, python3, 62726 62865 63187 77394 77395 77396 77397 77398 77399
20200717 02:40, gpu2006, 1, 00000000:AF:00.0,32,0,0, nbotha, python3, 62726 62865 63187 77394 77395 77396 77397 77398 77399
20200717 02:40, gpu2006, 2, 00000000:D8:00.0,30,0,0, kweiher, python, 62865 63187 77394 77395 77396 77397 77398 77399
20200717 02:45, gpu2006, 0, 00000000:3B:00.0,45,97,30, nbotha, python3, 62726 62865 63187 77394 77395 77396 77397 77398 77399
20200717 02:45, gpu2006, 1, 00000000:AF:00.0,32,0,0, nbotha, python3, 62726 62865 63187 77394 77395 77396 77397 77398 77399
20200717 02:45, gpu2006, 2, 00000000:D8:00.0,30,0,0, kweiher, python, 62865 63187 77394 77395 77396 77397 77398 77399
20200717 02:50, gpu2006, 0, 00000000:3B:00.0,45,90,34, nbotha, python3, 62726 62865 63187 77394 77395 77396 77397 77398 77399
20200717 02:50, gpu2006, 1, 00000000:AF:00.0,32,0,0, nbotha, python3, 62726 62865 63187 77394 77395 77396 77397 77398 77399
20200717 02:50, gpu2006, 2, 00000000:D8:00.0,30,0,0, kweiher, python, 62865 63187 77394 77395 77396 77397 77398 77399
20200717 02:55, gpu2006, 0, 00000000:3B:00.0,45,90,34, nbotha, python3, 62726 62865 63187 77394 77395 77396 77397 77398 77399
20200717 02:55, gpu2006, 1, 00000000:AF:00.0,32,0,0, nbotha, python3, 62726 62865 63187 77394 77395 77396 77397 77398 77399
20200717 02:55, gpu2006, 2, 00000000:D8:00.0,30,0,0, kweiher, python, 62865 63187 77394 77395 77396 77397 77398 77399
20200717 03:00, gpu2006, 0, 00000000:3B:00.0,46,97,30, nbotha, python3, 62726 62865 63187 77394 77395 77396 77397 77398 77399
20200717 03:00, gpu2006, 1, 00000000:AF:00.0,32,0,0, nbotha, python3, 62726 62865 63187 77394 77395 77396 77397 77398 77399
20200717 03:00, gpu2006, 2, 00000000:D8:00.0,30,0,0, kweiher, python, 62865 63187 77394 77395 77396 77397 77398 77399
20200717 03:05, gpu2006, 0, 00000000:3B:00.0,45,90,34, nbotha, python3, 62726 62865 63187 77394 77395 77396 77397 77398 77399
20200717 03:05, gpu2006, 1, 00000000:AF:00.0,31,0,0, nbotha, python3, 62726 62865 63187 77394 77395 77396 77397 77398 77399
20200717 03:05, gpu2006, 2, 00000000:D8:00.0,30,0,0, kweiher, python, 62865 63187 77394 77395 77396 77397 77398 77399
20200717 03:10, gpu2006, 0, 00000000:3B:00.0,45,95,31, nbotha, python3, 62726 62865 63187 77394 77395 77396 77397 77398 77399
20200717 03:10, gpu2006, 1, 00000000:AF:00.0,32,0,0, nbotha, python3, 62726 62865 63187 77394 77395 77396 77397 77398 77399
20200717 03:10, gpu2006, 2, 00000000:D8:00.0,30,0,0, kweiher, python, 62865 63187 77394 77395 77396 77397 77398 77399
20200717 03:15, gpu2006, 0, 00000000:3B:00.0,45,97,30, nbotha, python3, 62726 62865 63187 77394 77395 77396 77397 77398 77399
20200717 03:15, gpu2006, 1, 00000000:AF:00.0,32,0,0, nbotha, python3, 62726 62865 63187 77394 77395 77396 77397 77398 77399
20200717 03:15, gpu2006, 2, 00000000:D8:00.0,30,0,0, kweiher, python, 62865 63187 77394 77395 77396 77397 77398 77399
20200717 03:20, gpu2006, 0, 00000000:3B:00.0,44,90,33, nbotha, python3, 62726 62865 63187 77394 77395 77396 77397 77398 77399
20200717 03:20, gpu2006, 1, 00000000:AF:00.0,32,0,0, nbotha, python3, 62726 62865 63187 77394 77395 77396 77397 77398 77399
20200717 03:20, gpu2006, 2, 00000000:D8:00.0,30,0,0, kweiher, python, 62865 63187 77394 77395 77396 77397 77398 77399
20200717 03:25, gpu2006, 0, 00000000:3B:00.0,49,98,25, nbotha, python3, 62726 62865 63187 77394 77395 77396 77397 77398 77399
20200717 03:25, gpu2006, 1, 00000000:AF:00.0,31,0,0, nbotha, python3, 62726 62865 63187 77394 77395 77396 77397 77398 77399
20200717 03:25, gpu2006, 2, 00000000:D8:00.0,30,0,0, kweiher, python, 62865 63187 77394 77395 77396 77397 77398 77399
20200717 03:30, gpu2006, 0, 00000000:3B:00.0,45,99,36, kweiher, python, 62865 63187 77394 77395 77396 77397 77398 77399 81506
20200717 03:30, gpu2006, 1, 00000000:AF:00.0,35,29,8, kweiher, python, 62865 63187 77394 77395 77396 77397 77398 77399 81506
20200717 03:30, gpu2006, 2, 00000000:D8:00.0,35,30,4, kweiher, python, 62865 63187 77394 77395 77396 77397 77398 77399 81506
20200717 03:35, gpu2006, 0, 00000000:3B:00.0,42,99,30, kweiher, python, 62865 63187 77394 77395 77396 77397 77398 77399 81506
20200717 03:35, gpu2006, 1, 00000000:AF:00.0,35,1,0, kweiher, python, 62865 63187 77394 77395 77396 77397 77398 77399 81506
20200717 03:35, gpu2006, 2, 00000000:D8:00.0,35,20,1, kweiher, python, 62865 63187 77394 77395 77396 77397 77398 77399 81506
20200717 03:40, gpu2006, 0, 00000000:3B:00.0,43,92,37, kweiher, python, 62865 63187 77394 77395 77396 77397 77398 77399 81506
20200717 03:40, gpu2006, 1, 00000000:AF:00.0,36,71,17, kweiher, python, 62865 63187 77394 77395 77396 77397 77398 77399 81506
20200717 03:40, gpu2006, 2, 00000000:D8:00.0,35,35,5, kweiher, python, 62865 63187 77394 77395 77396 77397 77398 77399 81506
20200717 03:45, gpu2006, 0, 00000000:3B:00.0,42,99,25, kweiher, python, 62865 63187 81506 87463 87464 87465 87466 87467 87468
20200717 03:45, gpu2006, 1, 00000000:AF:00.0,34,0,0, kweiher, python, 62865 63187 81506 87463 87464 87465 87466 87467 87468
20200717 03:45, gpu2006, 2, 00000000:D8:00.0,34,0,0, kweiher, python, 62865 63187 81506 87463 87464 87465 87466 87467 87468
20200717 03:50, gpu2006, 0, 00000000:3B:00.0,44,88,34, kweiher, python, 62865 63187 81506 87463 87464 87465 87466 87467 87468
20200717 03:50, gpu2006, 1, 00000000:AF:00.0,35,0,0, kweiher, python, 62865 63187 81506 87463 87464 87465 87466 87467 87468
20200717 03:50, gpu2006, 2, 00000000:D8:00.0,35,43,11, kweiher, python, 62865 63187 81506 87463 87464 87465 87466 87467 87468
20200717 03:55, gpu2006, 0, 00000000:3B:00.0,42,97,22, kweiher, python, 62865 63187 81506 87463 87464 87465 87466 87467 87468
20200717 03:55, gpu2006, 1, 00000000:AF:00.0,35,35,4, kweiher, python, 62865 63187 81506 87463 87464 87465 87466 87467 87468
20200717 03:55, gpu2006, 2, 00000000:D8:00.0,35,26,3, kweiher, python, 62865 63187 81506 87463 87464 87465 87466 87467 87468
20200717 04:00, gpu2006, 0, 00000000:3B:00.0,44,90,35, kweiher, python, 62865 63187 81506 87463 87464 87465 87466 87467 87468
20200717 04:00, gpu2006, 1, 00000000:AF:00.0,36,27,6, kweiher, python, 62865 63187 81506 87463 87464 87465 87466 87467 87468
20200717 04:00, gpu2006, 2, 00000000:D8:00.0,35,0,0, kweiher, python, 62865 63187 81506 87463 87464 87465 87466 87467 87468
20200717 04:05, gpu2006, 0, 00000000:3B:00.0,43,85,14, kweiher, python, 62865 63187 81506 87463 87464 87465 87466 87467 87468
20200717 04:05, gpu2006, 1, 00000000:AF:00.0,35,24,3, kweiher, python, 62865 63187 81506 87463 87464 87465 87466 87467 87468
20200717 04:05, gpu2006, 2, 00000000:D8:00.0,35,40,6, kweiher, python, 62865 63187 81506 87463 87464 87465 87466 87467 87468
20200717 04:10, gpu2006, 0, 00000000:3B:00.0,43,79,34, kweiher, python, 62865 63187 81506 97380 97381 97382 97383 97384 97385
20200717 04:10, gpu2006, 1, 00000000:AF:00.0,35,39,5, kweiher, python, 62865 63187 81506 97380 97381 97382 97383 97384 97385
20200717 04:10, gpu2006, 2, 00000000:D8:00.0,35,30,2, kweiher, python, 62865 63187 81506 97380 97381 97382 97383 97384 97385
20200717 04:15, gpu2006, 0, 00000000:3B:00.0,43,100,16, kweiher, python, 62865 63187 81506 97380 97381 97382 97383 97384 97385
20200717 04:15, gpu2006, 1, 00000000:AF:00.0,35,21,2, kweiher, python, 62865 63187 81506 97380 97381 97382 97383 97384 97385
20200717 04:15, gpu2006, 2, 00000000:D8:00.0,35,27,3, kweiher, python, 62865 63187 81506 97380 97381 97382 97383 97384 97385
20200717 04:20, gpu2006, 0, 00000000:3B:00.0,42,99,33, kweiher, python, 62865 63187 81506 97380 97381 97382 97383 97384 97385
20200717 04:20, gpu2006, 1, 00000000:AF:00.0,35,0,0, kweiher, python, 62865 63187 81506 97380 97381 97382 97383 97384 97385
20200717 04:20, gpu2006, 2, 00000000:D8:00.0,35,6,0, kweiher, python, 62865 63187 81506 97380 97381 97382 97383 97384 97385
20200717 04:25, gpu2006, 0, 00000000:3B:00.0,44,86,32, kweiher, python, 62865 63187 81506 97380 97381 97382 97383 97384 97385
20200717 04:25, gpu2006, 1, 00000000:AF:00.0,36,32,8, kweiher, python, 62865 63187 81506 97380 97381 97382 97383 97384 97385
20200717 04:25, gpu2006, 2, 00000000:D8:00.0,35,61,17, kweiher, python, 62865 63187 81506 97380 97381 97382 97383 97384 97385
20200717 04:30, gpu2006, 0, 00000000:3B:00.0,42,97,25, kweiher, python, 62865 63187 81506 97380 97381 97382 97383 97384 97385
20200717 04:30, gpu2006, 1, 00000000:AF:00.0,35,75,17, kweiher, python, 62865 63187 81506 97380 97381 97382 97383 97384 97385
20200717 04:30, gpu2006, 2, 00000000:D8:00.0,36,5,1, kweiher, python, 62865 63187 81506 97380 97381 97382 97383 97384 97385
20200717 04:35, gpu2006, 0, 00000000:3B:00.0,43,98,21, kweiher, python, 62865 63187 81506 107683 107684 107685 107686 107687 107688
20200717 04:35, gpu2006, 1, 00000000:AF:00.0,35,38,6, kweiher, python, 62865 63187 81506 107683 107684 107685 107686 107687 107688
20200717 04:35, gpu2006, 2, 00000000:D8:00.0,36,34,5, kweiher, python, 62865 63187 81506 107683 107684 107685 107686 107687 107688
20200717 04:40, gpu2006, 0, 00000000:3B:00.0,43,80,18, kweiher, python, 62865 63187 81506 107683 107684 107685 107686 107687 107688
20200717 04:40, gpu2006, 1, 00000000:AF:00.0,35,26,2, kweiher, python, 62865 63187 81506 107683 107684 107685 107686 107687 107688
20200717 04:40, gpu2006, 2, 00000000:D8:00.0,35,18,2, kweiher, python, 62865 63187 81506 107683 107684 107685 107686 107687 107688
20200717 04:45, gpu2006, 0, 00000000:3B:00.0,43,78,36, kweiher, python, 62865 63187 81506 107683 107684 107685 107686 107687 107688
20200717 04:45, gpu2006, 1, 00000000:AF:00.0,35,10,0, kweiher, python, 62865 63187 81506 107683 107684 107685 107686 107687 107688
20200717 04:45, gpu2006, 2, 00000000:D8:00.0,34,10,0, kweiher, python, 62865 63187 81506 107683 107684 107685 107686 107687 107688
20200717 04:50, gpu2006, 0, 00000000:3B:00.0,43,86,11, kweiher, python, 62865 63187 81506 107683 107684 107685 107686 107687 107688
20200717 04:50, gpu2006, 1, 00000000:AF:00.0,36,27,7, kweiher, python, 62865 63187 81506 107683 107684 107685 107686 107687 107688
20200717 04:50, gpu2006, 2, 00000000:D8:00.0,37,41,13, kweiher, python, 62865 63187 81506 107683 107684 107685 107686 107687 107688
20200717 04:55, gpu2006, 0, 00000000:3B:00.0,41,99,21, kweiher, python, 62865 63187 81506 117695 117696 117697 117698 117699 117700
20200717 04:55, gpu2006, 1, 00000000:AF:00.0,35,16,0, kweiher, python, 62865 63187 81506 117695 117696 117697 117698 117699 117700
20200717 04:55, gpu2006, 2, 00000000:D8:00.0,36,0,0, kweiher, python, 62865 63187 81506 117695 117696 117697 117698 117699 117700
20200717 05:00, gpu2006, 0, 00000000:3B:00.0,43,82,38, kweiher, python, 62865 63187 81506 117695 117696 117697 117698 117699 117700
20200717 05:00, gpu2006, 1, 00000000:AF:00.0,35,26,3, kweiher, python, 62865 63187 81506 117695 117696 117697 117698 117699 117700
20200717 05:00, gpu2006, 2, 00000000:D8:00.0,35,20,1, kweiher, python, 62865 63187 81506 117695 117696 117697 117698 117699 117700
20200717 05:05, gpu2006, 0, 00000000:3B:00.0,43,99,14, kweiher, python, 62865 63187 81506 117695 117696 117697 117698 117699 117700
20200717 05:05, gpu2006, 1, 00000000:AF:00.0,35,12,2, kweiher, python, 62865 63187 81506 117695 117696 117697 117698 117699 117700
20200717 05:05, gpu2006, 2, 00000000:D8:00.0,35,38,6, kweiher, python, 62865 63187 81506 117695 117696 117697 117698 117699 117700
20200717 05:10, gpu2006, 0, 00000000:3B:00.0,43,96,25, kweiher, python, 62865 63187 81506 117695 117696 117697 117698 117699 117700
20200717 05:10, gpu2006, 1, 00000000:AF:00.0,35,9,0, kweiher, python, 62865 63187 81506 117695 117696 117697 117698 117699 117700
20200717 05:10, gpu2006, 2, 00000000:D8:00.0,35,32,4, kweiher, python, 62865 63187 81506 117695 117696 117697 117698 117699 117700
20200717 05:15, gpu2006, 0, 00000000:3B:00.0,44,98,11, kweiher, python, 62865 63187 81506 117695 117696 117697 117698 117699 117700
20200717 05:15, gpu2006, 1, 00000000:AF:00.0,35,0,0, kweiher, python, 62865 63187 81506 117695 117696 117697 117698 117699 117700
20200717 05:15, gpu2006, 2, 00000000:D8:00.0,35,0,0, kweiher, python, 62865 63187 81506 117695 117696 117697 117698 117699 117700
20200717 05:20, gpu2006, 0, 00000000:3B:00.0,42,78,12, kweiher, python, 62865 63187 81506 128226 128227 128228 128229 128230 128231
20200717 05:20, gpu2006, 1, 00000000:AF:00.0,35,25,3, kweiher, python, 62865 63187 81506 128226 128227 128228 128229 128230 128231
20200717 05:20, gpu2006, 2, 00000000:D8:00.0,35,35,5, kweiher, python, 62865 63187 81506 128226 128227 128228 128229 128230 128231
20200717 05:25, gpu2006, 0, 00000000:3B:00.0,43,99,35, kweiher, python, 62865 63187 81506 128226 128227 128228 128229 128230 128231
20200717 05:25, gpu2006, 1, 00000000:AF:00.0,35,27,3, kweiher, python, 62865 63187 81506 128226 128227 128228 128229 128230 128231
20200717 05:25, gpu2006, 2, 00000000:D8:00.0,35,35,4, kweiher, python, 62865 63187 81506 128226 128227 128228 128229 128230 128231
20200717 05:30, gpu2006, 0, 00000000:3B:00.0,43,96,24, kweiher, python, 62865 63187 81506 128226 128227 128228 128229 128230 128231
20200717 05:30, gpu2006, 1, 00000000:AF:00.0,35,46,9, kweiher, python, 62865 63187 81506 128226 128227 128228 128229 128230 128231
20200717 05:30, gpu2006, 2, 00000000:D8:00.0,36,2,0, kweiher, python, 62865 63187 81506 128226 128227 128228 128229 128230 128231
20200717 05:35, gpu2006, 0, 00000000:3B:00.0,41,97,7, kweiher, python, 62865 63187 81506 128226 128227 128228 128229 128230 128231
20200717 05:35, gpu2006, 1, 00000000:AF:00.0,35,0,0, kweiher, python, 62865 63187 81506 128226 128227 128228 128229 128230 128231
20200717 05:35, gpu2006, 2, 00000000:D8:00.0,36,30,4, kweiher, python, 62865 63187 81506 128226 128227 128228 128229 128230 128231
20200717 05:40, gpu2006, 0, 00000000:3B:00.0,43,92,36, kweiher, python, 62865 63187 81506 128226 128227 128228 128229 128230 128231
20200717 05:40, gpu2006, 1, 00000000:AF:00.0,35,36,5, kweiher, python, 62865 63187 81506 128226 128227 128228 128229 128230 128231
20200717 05:40, gpu2006, 2, 00000000:D8:00.0,35,23,2, kweiher, python, 62865 63187 81506 128226 128227 128228 128229 128230 128231
20200717 05:45, gpu2006, 0, 00000000:3B:00.0,42,98,8, kweiher, python, 62865 63187 81506 138266 138267 138268 138269 138270 138271
20200717 05:45, gpu2006, 1, 00000000:AF:00.0,35,0,0, kweiher, python, 62865 63187 81506 138266 138267 138268 138269 138270 138271
20200717 05:45, gpu2006, 2, 00000000:D8:00.0,35,24,4, kweiher, python, 62865 63187 81506 138266 138267 138268 138269 138270 138271
20200717 05:50, gpu2006, 0, 00000000:3B:00.0,42,100,6, kweiher, python, 62865 63187 81506 138266 138267 138268 138269 138270 138271
20200717 05:50, gpu2006, 1, 00000000:AF:00.0,35,0,0, kweiher, python, 62865 63187 81506 138266 138267 138268 138269 138270 138271
20200717 05:50, gpu2006, 2, 00000000:D8:00.0,36,26,3, kweiher, python, 62865 63187 81506 138266 138267 138268 138269 138270 138271
20200717 05:55, gpu2006, 0, 00000000:3B:00.0,39,23,3, kweiher, python, 62865 63187 81506 138266 138267 138268 138269 138270 138271
20200717 05:55, gpu2006, 1, 00000000:AF:00.0,35,19,2, kweiher, python, 62865 63187 81506 138266 138267 138268 138269 138270 138271
20200717 05:55, gpu2006, 2, 00000000:D8:00.0,35,0,0, kweiher, python, 62865 63187 81506 138266 138267 138268 138269 138270 138271
20200717 06:00, gpu2006, 0, 00000000:3B:00.0,43,87,38, kweiher, python, 62865 63187 81506 138266 138267 138268 138269 138270 138271
20200717 06:00, gpu2006, 1, 00000000:AF:00.0,35,44,8, kweiher, python, 62865 63187 81506 138266 138267 138268 138269 138270 138271
20200717 06:00, gpu2006, 2, 00000000:D8:00.0,35,13,0, kweiher, python, 62865 63187 81506 138266 138267 138268 138269 138270 138271
20200717 06:05, gpu2006, 0, 00000000:3B:00.0,42,97,20, kweiher, python, 62865 63187 81506 138266 138267 138268 138269 138270 138271
20200717 06:05, gpu2006, 1, 00000000:AF:00.0,35,35,5, kweiher, python, 62865 63187 81506 138266 138267 138268 138269 138270 138271
20200717 06:05, gpu2006, 2, 00000000:D8:00.0,36,12,2, kweiher, python, 62865 63187 81506 138266 138267 138268 138269 138270 138271
20200717 06:10, gpu2006, 0, 00000000:3B:00.0,43,80,33, kweiher, python, 62865 63187 81506 148617 148618 148619 148620 148621 148625
20200717 06:10, gpu2006, 1, 00000000:AF:00.0,36,0,0, kweiher, python, 62865 63187 81506 148617 148618 148619 148620 148621 148625
20200717 06:10, gpu2006, 2, 00000000:D8:00.0,35,32,6, kweiher, python, 62865 63187 81506 148617 148618 148619 148620 148621 148625
20200717 06:15, gpu2006, 0, 00000000:3B:00.0,42,98,16, kweiher, python, 62865 63187 81506 148617 148618 148619 148620 148621 148625
20200717 06:15, gpu2006, 1, 00000000:AF:00.0,35,0,0, kweiher, python, 62865 63187 81506 148617 148618 148619 148620 148621 148625
20200717 06:15, gpu2006, 2, 00000000:D8:00.0,36,0,0, kweiher, python, 62865 63187 81506 148617 148618 148619 148620 148621 148625
20200717 06:20, gpu2006, 0, 00000000:3B:00.0,43,71,18, kweiher, python, 62865 63187 81506 148617 148618 148619 148620 148621 148625
20200717 06:20, gpu2006, 1, 00000000:AF:00.0,35,28,3, kweiher, python, 62865 63187 81506 148617 148618 148619 148620 148621 148625
20200717 06:20, gpu2006, 2, 00000000:D8:00.0,35,23,3, kweiher, python, 62865 63187 81506 148617 148618 148619 148620 148621 148625
20200717 06:25, gpu2006, 0, 00000000:3B:00.0,42,96,23, kweiher, python, 62865 63187 81506 148617 148618 148619 148620 148621 148625
20200717 06:25, gpu2006, 1, 00000000:AF:00.0,35,0,0, kweiher, python, 62865 63187 81506 148617 148618 148619 148620 148621 148625
20200717 06:25, gpu2006, 2, 00000000:D8:00.0,35,24,3, kweiher, python, 62865 63187 81506 148617 148618 148619 148620 148621 148625
20200717 06:30, gpu2006, 0, 00000000:3B:00.0,43,98,23, kweiher, python, 62865 63187 81506 148617 148618 148619 148620 148621 148625
20200717 06:30, gpu2006, 1, 00000000:AF:00.0,35,19,0, kweiher, python, 62865 63187 81506 148617 148618 148619 148620 148621 148625
20200717 06:30, gpu2006, 2, 00000000:D8:00.0,35,24,3, kweiher, python, 62865 63187 81506 148617 148618 148619 148620 148621 148625
20200717 06:35, gpu2006, 0, 00000000:3B:00.0,44,84,35, kweiher, python, 62865 63187 81506 158682 158683 158684 158685 158686 158687
20200717 06:35, gpu2006, 1, 00000000:AF:00.0,36,0,0, kweiher, python, 62865 63187 81506 158682 158683 158684 158685 158686 158687
20200717 06:35, gpu2006, 2, 00000000:D8:00.0,35,39,14, kweiher, python, 62865 63187 81506 158682 158683 158684 158685 158686 158687
20200717 06:40, gpu2006, 0, 00000000:3B:00.0,43,79,21, kweiher, python, 62865 63187 81506 158682 158683 158684 158685 158686 158687
20200717 06:40, gpu2006, 1, 00000000:AF:00.0,36,46,7, kweiher, python, 62865 63187 81506 158682 158683 158684 158685 158686 158687
20200717 06:40, gpu2006, 2, 00000000:D8:00.0,35,24,3, kweiher, python, 62865 63187 81506 158682 158683 158684 158685 158686 158687
20200717 06:45, gpu2006, 0, 00000000:3B:00.0,43,82,34, kweiher, python, 62865 63187 81506 158682 158683 158684 158685 158686 158687
20200717 06:45, gpu2006, 1, 00000000:AF:00.0,37,65,20, kweiher, python, 62865 63187 81506 158682 158683 158684 158685 158686 158687
20200717 06:45, gpu2006, 2, 00000000:D8:00.0,35,73,19, kweiher, python, 62865 63187 81506 158682 158683 158684 158685 158686 158687
20200717 06:50, gpu2006, 0, 00000000:3B:00.0,43,98,22, kweiher, python, 62865 63187 81506 158682 158683 158684 158685 158686 158687
20200717 06:50, gpu2006, 1, 00000000:AF:00.0,35,0,0, kweiher, python, 62865 63187 81506 158682 158683 158684 158685 158686 158687
20200717 06:50, gpu2006, 2, 00000000:D8:00.0,35,18,3, kweiher, python, 62865 63187 81506 158682 158683 158684 158685 158686 158687
20200717 06:55, gpu2006, 0, 00000000:3B:00.0,43,74,21, kweiher, python, 62865 63187 81506 168570 168571 168572 168573 168574 168575
20200717 06:55, gpu2006, 1, 00000000:AF:00.0,35,27,4, kweiher, python, 62865 63187 81506 168570 168571 168572 168573 168574 168575
20200717 06:55, gpu2006, 2, 00000000:D8:00.0,35,2,0, kweiher, python, 62865 63187 81506 168570 168571 168572 168573 168574 168575
20200717 07:00, gpu2006, 0, 00000000:3B:00.0,43,99,28, kweiher, python, 62865 63187 81506 168570 168571 168572 168573 168574 168575
20200717 07:00, gpu2006, 1, 00000000:AF:00.0,35,38,7, kweiher, python, 62865 63187 81506 168570 168571 168572 168573 168574 168575
20200717 07:00, gpu2006, 2, 00000000:D8:00.0,35,15,1, kweiher, python, 62865 63187 81506 168570 168571 168572 168573 168574 168575
20200717 07:05, gpu2006, 0, 00000000:3B:00.0,43,74,23, kweiher, python, 62865 63187 81506 168570 168571 168572 168573 168574 168575
20200717 07:05, gpu2006, 1, 00000000:AF:00.0,36,69,21, kweiher, python, 62865 63187 81506 168570 168571 168572 168573 168574 168575
20200717 07:05, gpu2006, 2, 00000000:D8:00.0,36,100,16, kweiher, python, 62865 63187 81506 168570 168571 168572 168573 168574 168575
20200717 07:10, gpu2006, 0, 00000000:3B:00.0,43,87,40, kweiher, python, 62865 63187 81506 168570 168571 168572 168573 168574 168575
20200717 07:10, gpu2006, 1, 00000000:AF:00.0,34,0,0, kweiher, python, 62865 63187 81506 168570 168571 168572 168573 168574 168575
20200717 07:10, gpu2006, 2, 00000000:D8:00.0,34,0,0, kweiher, python, 62865 63187 81506 168570 168571 168572 168573 168574 168575
20200717 07:15, gpu2006, 0, 00000000:3B:00.0,45,98,30, kweiher, python, 62865 63187 81506 168570 168571 168572 168573 168574 168575
20200717 07:15, gpu2006, 1, 00000000:AF:00.0,34,83,20, kweiher, python, 62865 63187 81506 168570 168571 168572 168573 168574 168575
20200717 07:15, gpu2006, 2, 00000000:D8:00.0,34,0,0, kweiher, python, 62865 63187 81506 168570 168571 168572 168573 168574 168575
20200717 07:20, gpu2006, 0, 00000000:3B:00.0,43,82,27, kweiher, python, 62865 63187 81506 178109 178110 178111 178112 178113 178114
20200717 07:20, gpu2006, 1, 00000000:AF:00.0,35,0,0, kweiher, python, 62865 63187 81506 178109 178110 178111 178112 178113 178114
20200717 07:20, gpu2006, 2, 00000000:D8:00.0,35,26,7, kweiher, python, 62865 63187 81506 178109 178110 178111 178112 178113 178114
20200717 07:25, gpu2006, 0, 00000000:3B:00.0,43,86,12, kweiher, python, 62865 63187 81506 178109 178110 178111 178112 178113 178114
20200717 07:25, gpu2006, 1, 00000000:AF:00.0,36,29,5, kweiher, python, 62865 63187 81506 178109 178110 178111 178112 178113 178114
20200717 07:25, gpu2006, 2, 00000000:D8:00.0,35,58,12, kweiher, python, 62865 63187 81506 178109 178110 178111 178112 178113 178114
20200717 07:30, gpu2006, 0, 00000000:3B:00.0,44,79,34, kweiher, python, 62865 63187 81506 178109 178110 178111 178112 178113 178114
20200717 07:30, gpu2006, 1, 00000000:AF:00.0,35,33,5, kweiher, python, 62865 63187 81506 178109 178110 178111 178112 178113 178114
20200717 07:30, gpu2006, 2, 00000000:D8:00.0,35,0,0, kweiher, python, 62865 63187 81506 178109 178110 178111 178112 178113 178114
20200717 07:35, gpu2006, 0, 00000000:3B:00.0,43,100,37, kweiher, python, 62865 63187 81506 178109 178110 178111 178112 178113 178114
20200717 07:35, gpu2006, 1, 00000000:AF:00.0,35,29,3, kweiher, python, 62865 63187 81506 178109 178110 178111 178112 178113 178114
20200717 07:35, gpu2006, 2, 00000000:D8:00.0,35,0,0, kweiher, python, 62865 63187 81506 178109 178110 178111 178112 178113 178114
20200717 07:40, gpu2006, 0, 00000000:3B:00.0,43,76,27, kweiher, python, 62865 63187 81506 178109 178110 178111 178112 178113 178114
20200717 07:40, gpu2006, 1, 00000000:AF:00.0,36,19,4, kweiher, python, 62865 63187 81506 178109 178110 178111 178112 178113 178114
20200717 07:40, gpu2006, 2, 00000000:D8:00.0,35,6,0, kweiher, python, 62865 63187 81506 178109 178110 178111 178112 178113 178114
20200717 07:45, gpu2006, 0, 00000000:3B:00.0,43,48,11, kweiher, python, 62865 63187 81506 188168 188169 188170 188171 188172 188173
20200717 07:45, gpu2006, 1, 00000000:AF:00.0,35,32,7, kweiher, python, 62865 63187 81506 188168 188169 188170 188171 188172 188173
20200717 07:45, gpu2006, 2, 00000000:D8:00.0,36,23,8, kweiher, python, 62865 63187 81506 188168 188169 188170 188171 188172 188173
20200717 07:50, gpu2006, 0, 00000000:3B:00.0,43,99,30, kweiher, python, 62865 63187 81506 188168 188169 188170 188171 188172 188173
20200717 07:50, gpu2006, 1, 00000000:AF:00.0,35,25,3, kweiher, python, 62865 63187 81506 188168 188169 188170 188171 188172 188173
20200717 07:50, gpu2006, 2, 00000000:D8:00.0,35,0,0, kweiher, python, 62865 63187 81506 188168 188169 188170 188171 188172 188173
20200717 07:55, gpu2006, 0, 00000000:3B:00.0,42,99,30, kweiher, python, 62865 63187 81506 188168 188169 188170 188171 188172 188173
20200717 07:55, gpu2006, 1, 00000000:AF:00.0,35,1,0, kweiher, python, 62865 63187 81506 188168 188169 188170 188171 188172 188173
20200717 07:55, gpu2006, 2, 00000000:D8:00.0,36,33,9, kweiher, python, 62865 63187 81506 188168 188169 188170 188171 188172 188173
20200717 08:00, gpu2006, 0, 00000000:3B:00.0,42,98,20, kweiher, python, 62865 63187 81506 188168 188169 188170 188171 188172 188173
20200717 08:00, gpu2006, 1, 00000000:AF:00.0,35,0,0, kweiher, python, 62865 63187 81506 188168 188169 188170 188171 188172 188173
20200717 08:00, gpu2006, 2, 00000000:D8:00.0,35,0,0, kweiher, python, 62865 63187 81506 188168 188169 188170 188171 188172 188173
20200717 08:05, gpu2006, 0, 00000000:3B:00.0,42,98,23, kweiher, python, 62865 63187 81506 188168 188169 188170 188171 188172 188173
20200717 08:05, gpu2006, 1, 00000000:AF:00.0,35,0,0, kweiher, python, 62865 63187 81506 188168 188169 188170 188171 188172 188173
20200717 08:05, gpu2006, 2, 00000000:D8:00.0,35,0,0, kweiher, python, 62865 63187 81506 188168 188169 188170 188171 188172 188173
20200717 08:10, gpu2006, 0, 00000000:3B:00.0,44,94,36, kweiher, python, 62865 63187 81506 198531 198532 198533 198535 198536 198537
20200717 08:10, gpu2006, 1, 00000000:AF:00.0,35,32,6, kweiher, python, 62865 63187 81506 198531 198532 198533 198535 198536 198537
20200717 08:10, gpu2006, 2, 00000000:D8:00.0,35,37,6, kweiher, python, 62865 63187 81506 198531 198532 198533 198535 198536 198537
20200717 08:15, gpu2006, 0, 00000000:3B:00.0,44,90,30, kweiher, python, 62865 63187 81506 198531 198532 198533 198535 198536 198537
20200717 08:15, gpu2006, 1, 00000000:AF:00.0,36,29,4, kweiher, python, 62865 63187 81506 198531 198532 198533 198535 198536 198537
20200717 08:15, gpu2006, 2, 00000000:D8:00.0,35,43,7, kweiher, python, 62865 63187 81506 198531 198532 198533 198535 198536 198537
20200717 08:20, gpu2006, 0, 00000000:3B:00.0,44,86,32, kweiher, python, 62865 63187 81506 198531 198532 198533 198535 198536 198537
20200717 08:20, gpu2006, 1, 00000000:AF:00.0,35,30,4, kweiher, python, 62865 63187 81506 198531 198532 198533 198535 198536 198537
20200717 08:20, gpu2006, 2, 00000000:D8:00.0,35,12,0, kweiher, python, 62865 63187 81506 198531 198532 198533 198535 198536 198537
20200717 08:25, gpu2006, 0, 00000000:3B:00.0,43,85,24, kweiher, python, 62865 63187 81506 198531 198532 198533 198535 198536 198537
20200717 08:25, gpu2006, 1, 00000000:AF:00.0,35,36,7, kweiher, python, 62865 63187 81506 198531 198532 198533 198535 198536 198537
20200717 08:25, gpu2006, 2, 00000000:D8:00.0,35,55,4, kweiher, python, 62865 63187 81506 198531 198532 198533 198535 198536 198537
20200717 08:30, gpu2006, 0, 00000000:3B:00.0,34,0,0, abiswas, python3, 81506
20200717 08:30, gpu2006, 1, 00000000:AF:00.0,35,8,0, abiswas, python3, 81506
20200717 08:30, gpu2006, 2, 00000000:D8:00.0,35,49,12, abiswas, python3, 81506
20200717 08:35, gpu2006, 0, 00000000:3B:00.0,35,16,3, abiswas, python3, 81506
20200717 08:35, gpu2006, 1, 00000000:AF:00.0,37,44,9, abiswas, python3, 81506
20200717 08:35, gpu2006, 2, 00000000:D8:00.0,36,25,4, abiswas, python3, 81506
20200717 08:40, gpu2006, 0, 00000000:3B:00.0,35,11,2, abiswas, python3, 81506
20200717 08:40, gpu2006, 1, 00000000:AF:00.0,37,87,29, abiswas, python3, 81506
20200717 08:40, gpu2006, 2, 00000000:D8:00.0,36,46,11, abiswas, python3, 81506
20200717 08:45, gpu2006, 0, 00000000:3B:00.0,36,35,5, abiswas, python3, 81506
20200717 08:45, gpu2006, 1, 00000000:AF:00.0,36,28,3, abiswas, python3, 81506
20200717 08:45, gpu2006, 2, 00000000:D8:00.0,37,21,2, abiswas, python3, 81506
20200717 08:50, gpu2006, 0, 00000000:3B:00.0,36,75,22, abiswas, python3, 81506
20200717 08:50, gpu2006, 1, 00000000:AF:00.0,36,36,8, abiswas, python3, 81506
20200717 08:50, gpu2006, 2, 00000000:D8:00.0,36,0,0, abiswas, python3, 81506
20200717 08:55, gpu2006, 0, 00000000:3B:00.0,36,1,0, abiswas, python3, 81506
20200717 08:55, gpu2006, 1, 00000000:AF:00.0,37,23,4, abiswas, python3, 81506
20200717 08:55, gpu2006, 2, 00000000:D8:00.0,36,37,6, abiswas, python3, 81506
20200717 09:00, gpu2006, 0, 00000000:3B:00.0,35,26,5, abiswas, python3, 81506
20200717 09:00, gpu2006, 1, 00000000:AF:00.0,36,16,3, abiswas, python3, 81506
20200717 09:00, gpu2006, 2, 00000000:D8:00.0,37,55,13, abiswas, python3, 81506
20200717 09:05, gpu2006, 0, 00000000:3B:00.0,36,0,0, abiswas, python3, 81506
20200717 09:05, gpu2006, 1, 00000000:AF:00.0,36,25,7, abiswas, python3, 81506
20200717 09:05, gpu2006, 2, 00000000:D8:00.0,36,0,0, abiswas, python3, 81506
20200717 09:10, gpu2006, 0, 00000000:3B:00.0,36,4,0, abiswas, python3, 81506
20200717 09:10, gpu2006, 1, 00000000:AF:00.0,36,28,6, abiswas, python3, 81506
20200717 09:10, gpu2006, 2, 00000000:D8:00.0,36,45,9, abiswas, python3, 81506
20200717 09:15, gpu2006, 0, 00000000:3B:00.0,35,13,2, abiswas, python3, 81506
20200717 09:15, gpu2006, 1, 00000000:AF:00.0,36,17,2, abiswas, python3, 81506
20200717 09:15, gpu2006, 2, 00000000:D8:00.0,36,28,3, abiswas, python3, 81506
20200717 09:20, gpu2006, 0, 00000000:3B:00.0,36,28,4, abiswas, python3, 81506
20200717 09:20, gpu2006, 1, 00000000:AF:00.0,36,0,0, abiswas, python3, 81506
20200717 09:20, gpu2006, 2, 00000000:D8:00.0,37,15,3, abiswas, python3, 81506
20200717 09:25, gpu2006, 0, 00000000:3B:00.0,35,37,8, abiswas, python3, 81506
20200717 09:25, gpu2006, 1, 00000000:AF:00.0,36,6,0, abiswas, python3, 81506
20200717 09:25, gpu2006, 2, 00000000:D8:00.0,36,31,6, abiswas, python3, 81506
20200717 09:30, gpu2006, 0, 00000000:3B:00.0,35,0,0, abiswas, python3, 81506
20200717 09:30, gpu2006, 1, 00000000:AF:00.0,37,8,0, abiswas, python3, 81506
20200717 09:30, gpu2006, 2, 00000000:D8:00.0,37,34,10, abiswas, python3, 81506
20200717 09:35, gpu2006, 0, 00000000:3B:00.0,35,51,10, abiswas, python3, 81506
20200717 09:35, gpu2006, 1, 00000000:AF:00.0,37,0,0, abiswas, python3, 81506
20200717 09:35, gpu2006, 2, 00000000:D8:00.0,37,27,7, abiswas, python3, 81506
20200717 09:40, gpu2006, 0, 00000000:3B:00.0,35,24,4, abiswas, python3, 81506
20200717 09:40, gpu2006, 1, 00000000:AF:00.0,36,2,0, abiswas, python3, 81506
20200717 09:40, gpu2006, 2, 00000000:D8:00.0,37,17,3, abiswas, python3, 81506
20200717 09:45, gpu2006, 0, 00000000:3B:00.0,35,37,6, abiswas, python3, 81506
20200717 09:45, gpu2006, 1, 00000000:AF:00.0,36,34,5, abiswas, python3, 81506
20200717 09:45, gpu2006, 2, 00000000:D8:00.0,37,13,2, abiswas, python3, 81506
20200717 09:50, gpu2006, 0, 00000000:3B:00.0,36,7,1, abiswas, python3, 81506
20200717 09:50, gpu2006, 1, 00000000:AF:00.0,36,0,0, abiswas, python3, 81506
20200717 09:50, gpu2006, 2, 00000000:D8:00.0,37,13,2, abiswas, python3, 81506
20200717 09:55, gpu2006, 0, 00000000:3B:00.0,35,6,1, abiswas, python3, 81506
20200717 09:55, gpu2006, 1, 00000000:AF:00.0,36,43,7, abiswas, python3, 81506
20200717 09:55, gpu2006, 2, 00000000:D8:00.0,36,32,5, abiswas, python3, 81506
20200717 10:00, gpu2006, 0, 00000000:3B:00.0,34,0,0, abiswas, python3, 81506
20200717 10:00, gpu2006, 1, 00000000:AF:00.0,35,0,0, abiswas, python3, 81506
20200717 10:00, gpu2006, 2, 00000000:D8:00.0,35,19,4, abiswas, python3, 81506
20200717 10:05, gpu2006, 0, 00000000:3B:00.0,35,20,4, abiswas, python3, 81506
20200717 10:05, gpu2006, 1, 00000000:AF:00.0,36,45,9, abiswas, python3, 81506
20200717 10:05, gpu2006, 2, 00000000:D8:00.0,36,5,0, abiswas, python3, 81506
20200717 10:10, gpu2006, 0, 00000000:3B:00.0,35,5,0, abiswas, python3, 81506
20200717 10:10, gpu2006, 1, 00000000:AF:00.0,35,9,0, abiswas, python3, 81506
20200717 10:10, gpu2006, 2, 00000000:D8:00.0,35,9,0, abiswas, python3, 81506
20200717 10:15, gpu2006, 0, 00000000:3B:00.0,36,42,8, abiswas, python3, 81506
20200717 10:15, gpu2006, 1, 00000000:AF:00.0,36,20,3, abiswas, python3, 81506
20200717 10:15, gpu2006, 2, 00000000:D8:00.0,36,43,7, abiswas, python3, 81506
20200717 10:20, gpu2006, 0, 00000000:3B:00.0,35,0,0, abiswas, python3, 81506
20200717 10:20, gpu2006, 1, 00000000:AF:00.0,37,13,3, abiswas, python3, 81506
20200717 10:20, gpu2006, 2, 00000000:D8:00.0,38,35,11, abiswas, python3, 81506
20200717 10:25, gpu2006, 0, 00000000:3B:00.0,35,11,1, abiswas, python3, 81506
20200717 10:25, gpu2006, 1, 00000000:AF:00.0,37,24,5, abiswas, python3, 81506
20200717 10:25, gpu2006, 2, 00000000:D8:00.0,36,68,14, abiswas, python3, 81506
20200717 10:30, gpu2006, 0, 00000000:3B:00.0,35,8,1, abiswas, python3, 81506
20200717 10:30, gpu2006, 1, 00000000:AF:00.0,37,35,11, abiswas, python3, 81506
20200717 10:30, gpu2006, 2, 00000000:D8:00.0,38,49,15, abiswas, python3, 81506
20200717 10:35, gpu2006, 0, 00000000:3B:00.0,35,51,11, abiswas, python3, 81506
20200717 10:35, gpu2006, 1, 00000000:AF:00.0,37,1,0, abiswas, python3, 81506
20200717 10:35, gpu2006, 2, 00000000:D8:00.0,36,33,5, abiswas, python3, 81506
20200717 10:40, gpu2006, 0, 00000000:3B:00.0,35,56,13, abiswas, python3, 81506
20200717 10:40, gpu2006, 1, 00000000:AF:00.0,35,0,0, abiswas, python3, 81506
20200717 10:40, gpu2006, 2, 00000000:D8:00.0,37,0,0, abiswas, python3, 81506
20200717 10:45, gpu2006, 0, 00000000:3B:00.0,37,63,18, abiswas, python3, 81506
20200717 10:45, gpu2006, 1, 00000000:AF:00.0,37,75,20, abiswas, python3, 81506
20200717 10:45, gpu2006, 2, 00000000:D8:00.0,36,37,9, abiswas, python3, 81506
20200717 10:50, gpu2006, 0, 00000000:3B:00.0,35,0,0, abiswas, python3, 81506
20200717 10:50, gpu2006, 1, 00000000:AF:00.0,36,12,3, abiswas, python3, 81506
20200717 10:50, gpu2006, 2, 00000000:D8:00.0,36,27,8, abiswas, python3, 81506
20200717 10:55, gpu2006, 0, 00000000:3B:00.0,36,56,13, abiswas, python3, 81506
20200717 10:55, gpu2006, 1, 00000000:AF:00.0,36,44,9, abiswas, python3, 81506
20200717 10:55, gpu2006, 2, 00000000:D8:00.0,36,0,0, abiswas, python3, 81506
20200717 11:00, gpu2006, 0, 00000000:3B:00.0,35,72,16, abiswas, python3, 81506
20200717 11:00, gpu2006, 1, 00000000:AF:00.0,36,6,0, abiswas, python3, 81506
20200717 11:00, gpu2006, 2, 00000000:D8:00.0,36,41,4, abiswas, python3, 81506
20200717 11:05, gpu2006, 0, 00000000:3B:00.0,35,27,4, abiswas, python3, 81506
20200717 11:05, gpu2006, 1, 00000000:AF:00.0,36,28,3, abiswas, python3, 81506
20200717 11:05, gpu2006, 2, 00000000:D8:00.0,36,0,0, abiswas, python3, 81506
20200717 11:10, gpu2006, 0, 00000000:3B:00.0,35,43,12, abiswas, python3, 81506
20200717 11:10, gpu2006, 1, 00000000:AF:00.0,36,10,4, abiswas, python3, 81506
20200717 11:10, gpu2006, 2, 00000000:D8:00.0,36,4,1, abiswas, python3, 81506
20200717 11:15, gpu2006, 0, 00000000:3B:00.0,35,22,3, abiswas, python3, 81506
20200717 11:15, gpu2006, 1, 00000000:AF:00.0,36,56,11, abiswas, python3, 81506
20200717 11:15, gpu2006, 2, 00000000:D8:00.0,36,53,11, abiswas, python3, 81506
20200717 11:20, gpu2006, 0, 00000000:3B:00.0,36,13,2, abiswas, python3, 81506
20200717 11:20, gpu2006, 1, 00000000:AF:00.0,36,27,4, abiswas, python3, 81506
20200717 11:20, gpu2006, 2, 00000000:D8:00.0,36,13,1, abiswas, python3, 81506
20200717 11:25, gpu2006, 0, 00000000:3B:00.0,37,55,19, abiswas, python3, 81506
20200717 11:25, gpu2006, 1, 00000000:AF:00.0,37,58,16, abiswas, python3, 81506
20200717 11:25, gpu2006, 2, 00000000:D8:00.0,36,45,12, abiswas, python3, 81506
20200717 11:30, gpu2006, 0, 00000000:3B:00.0,35,13,2, abiswas, python3, 81506
20200717 11:30, gpu2006, 1, 00000000:AF:00.0,36,21,2, abiswas, python3, 81506
20200717 11:30, gpu2006, 2, 00000000:D8:00.0,36,7,0, abiswas, python3, 81506
20200717 11:35, gpu2006, 0, 00000000:3B:00.0,36,20,4, abiswas, python3, 81506
20200717 11:35, gpu2006, 1, 00000000:AF:00.0,36,44,9, abiswas, python3, 81506
20200717 11:35, gpu2006, 2, 00000000:D8:00.0,36,15,2, abiswas, python3, 81506
20200717 11:40, gpu2006, 0, 00000000:3B:00.0,35,16,1, abiswas, python3, 81506
20200717 11:40, gpu2006, 1, 00000000:AF:00.0,36,38,3, abiswas, python3, 81506
20200717 11:40, gpu2006, 2, 00000000:D8:00.0,36,37,3, abiswas, python3, 81506
20200717 11:45, gpu2006, 0, 00000000:3B:00.0,35,58,10, abiswas, python3, 81506
20200717 11:45, gpu2006, 1, 00000000:AF:00.0,36,39,6, abiswas, python3, 81506
20200717 11:45, gpu2006, 2, 00000000:D8:00.0,36,19,3, abiswas, python3, 81506
20200717 11:50, gpu2006, 0, 00000000:3B:00.0,35,56,12, abiswas, python3, 81506
20200717 11:50, gpu2006, 1, 00000000:AF:00.0,36,27,5, abiswas, python3, 81506
20200717 11:50, gpu2006, 2, 00000000:D8:00.0,36,0,0, abiswas, python3, 81506
20200717 11:55, gpu2006, 0, 00000000:3B:00.0,37,20,5, abiswas, python3, 81506
20200717 11:55, gpu2006, 1, 00000000:AF:00.0,37,81,24, abiswas, python3, 81506
20200717 11:55, gpu2006, 2, 00000000:D8:00.0,36,88,28, abiswas, python3, 81506
20200717 12:00, gpu2006, 0, 00000000:3B:00.0,35,21,2, abiswas, python3, 81506
20200717 12:00, gpu2006, 1, 00000000:AF:00.0,35,34,5, abiswas, python3, 81506
20200717 12:00, gpu2006, 2, 00000000:D8:00.0,35,0,0, abiswas, python3, 81506
20200717 12:05, gpu2006, 0, 00000000:3B:00.0,35,34,6, abiswas, python3, 81506
20200717 12:05, gpu2006, 1, 00000000:AF:00.0,35,19,3, abiswas, python3, 81506
20200717 12:05, gpu2006, 2, 00000000:D8:00.0,35,0,0, abiswas, python3, 81506
20200717 12:10, gpu2006, 0, 00000000:3B:00.0,35,27,4, abiswas, python3, 81506
20200717 12:10, gpu2006, 1, 00000000:AF:00.0,36,33,5, abiswas, python3, 81506
20200717 12:10, gpu2006, 2, 00000000:D8:00.0,36,11,1, abiswas, python3, 81506
20200717 12:15, gpu2006, 0, 00000000:3B:00.0,35,28,7, abiswas, python3, 81506
20200717 12:15, gpu2006, 1, 00000000:AF:00.0,36,25,5, abiswas, python3, 81506
20200717 12:15, gpu2006, 2, 00000000:D8:00.0,36,6,2, abiswas, python3, 81506
20200717 12:20, gpu2006, 0, 00000000:3B:00.0,37,69,16, abiswas, python3, 81506
20200717 12:20, gpu2006, 1, 00000000:AF:00.0,37,5,0, abiswas, python3, 81506
20200717 12:20, gpu2006, 2, 00000000:D8:00.0,37,0,0, abiswas, python3, 81506
20200717 12:25, gpu2006, 0, 00000000:3B:00.0,36,34,9, abiswas, python3, 81506
20200717 12:25, gpu2006, 1, 00000000:AF:00.0,36,43,11, abiswas, python3, 81506
20200717 12:25, gpu2006, 2, 00000000:D8:00.0,36,61,15, abiswas, python3, 81506
20200717 12:30, gpu2006, 0, 00000000:3B:00.0,36,24,4, abiswas, python3, 81506
20200717 12:30, gpu2006, 1, 00000000:AF:00.0,36,29,4, abiswas, python3, 81506
20200717 12:30, gpu2006, 2, 00000000:D8:00.0,37,24,5, abiswas, python3, 81506
20200717 12:35, gpu2006, 0, 00000000:3B:00.0,37,18,2, abiswas, python3, 81506
20200717 12:35, gpu2006, 1, 00000000:AF:00.0,37,25,3, abiswas, python3, 81506
20200717 12:35, gpu2006, 2, 00000000:D8:00.0,37,16,2, abiswas, python3, 81506
20200717 12:40, gpu2006, 0, 00000000:3B:00.0,36,34,6, abiswas, python3, 81506
20200717 12:40, gpu2006, 1, 00000000:AF:00.0,36,0,0, abiswas, python3, 81506
20200717 12:40, gpu2006, 2, 00000000:D8:00.0,37,0,0, abiswas, python3, 81506
20200717 12:45, gpu2006, 0, 00000000:3B:00.0,36,30,7, abiswas, python3, 81506
20200717 12:45, gpu2006, 1, 00000000:AF:00.0,36,70,18, abiswas, python3, 81506
20200717 12:45, gpu2006, 2, 00000000:D8:00.0,36,0,0, abiswas, python3, 81506
20200717 12:50, gpu2006, 0, 00000000:3B:00.0,35,41,8, abiswas, python3, 81506
20200717 12:50, gpu2006, 1, 00000000:AF:00.0,36,1,0, abiswas, python3, 81506
20200717 12:50, gpu2006, 2, 00000000:D8:00.0,36,0,0, abiswas, python3, 81506
20200717 12:55, gpu2006, 0, 00000000:3B:00.0,35,20,2, abiswas, python3, 81506
20200717 12:55, gpu2006, 1, 00000000:AF:00.0,36,20,2, abiswas, python3, 81506
20200717 12:55, gpu2006, 2, 00000000:D8:00.0,35,21,3, abiswas, python3, 81506
20200717 13:00, gpu2006, 0, 00000000:3B:00.0,36,7,0, abiswas, python3, 81506
20200717 13:00, gpu2006, 1, 00000000:AF:00.0,36,28,5, abiswas, python3, 81506
20200717 13:00, gpu2006, 2, 00000000:D8:00.0,36,0,0, abiswas, python3, 81506
20200717 13:05, gpu2006, 0, 00000000:3B:00.0,36,31,5, abiswas, python3, 81506
20200717 13:05, gpu2006, 1, 00000000:AF:00.0,36,25,3, abiswas, python3, 81506
20200717 13:05, gpu2006, 2, 00000000:D8:00.0,38,5,0, abiswas, python3, 81506
20200717 13:10, gpu2006, 0, 00000000:3B:00.0,35,22,5, abiswas, python3, 81506
20200717 13:10, gpu2006, 1, 00000000:AF:00.0,34,21,3, abiswas, python3, 81506
20200717 13:10, gpu2006, 2, 00000000:D8:00.0,34,18,3, abiswas, python3, 81506
20200717 13:15, gpu2006, 0, 00000000:3B:00.0,36,23,4, abiswas, python3, 81506
20200717 13:15, gpu2006, 1, 00000000:AF:00.0,36,50,10, abiswas, python3, 81506
20200717 13:15, gpu2006, 2, 00000000:D8:00.0,36,0,0, abiswas, python3, 81506
20200717 13:20, gpu2006, 0, 00000000:3B:00.0,36,46,9, abiswas, python3, 81506
20200717 13:20, gpu2006, 1, 00000000:AF:00.0,37,42,9, abiswas, python3, 81506
20200717 13:20, gpu2006, 2, 00000000:D8:00.0,37,24,3, abiswas, python3, 81506
20200717 13:25, gpu2006, 0, 00000000:3B:00.0,35,21,2, abiswas, python3, 81506
20200717 13:25, gpu2006, 1, 00000000:AF:00.0,37,32,6, abiswas, python3, 81506
20200717 13:25, gpu2006, 2, 00000000:D8:00.0,36,22,3, abiswas, python3, 81506
20200717 13:30, gpu2006, 0, 00000000:3B:00.0,35,31,5, abiswas, python3, 81506
20200717 13:30, gpu2006, 1, 00000000:AF:00.0,36,0,0, abiswas, python3, 81506
20200717 13:30, gpu2006, 2, 00000000:D8:00.0,36,31,5, abiswas, python3, 81506
20200717 13:35, gpu2006, 0, 00000000:3B:00.0,35,68,17, abiswas, python3, 81506
20200717 13:35, gpu2006, 1, 00000000:AF:00.0,35,22,4, abiswas, python3, 81506
20200717 13:35, gpu2006, 2, 00000000:D8:00.0,35,5,0, abiswas, python3, 81506
20200717 13:40, gpu2006, 0, 00000000:3B:00.0,35,4,1, abiswas, python3, 81506
20200717 13:40, gpu2006, 1, 00000000:AF:00.0,35,29,4, abiswas, python3, 81506
20200717 13:40, gpu2006, 2, 00000000:D8:00.0,35,35,5, abiswas, python3, 81506
20200717 13:45, gpu2006, 0, 00000000:3B:00.0,36,35,5, abiswas, python3, 81506
20200717 13:45, gpu2006, 1, 00000000:AF:00.0,36,0,0, abiswas, python3, 81506
20200717 13:45, gpu2006, 2, 00000000:D8:00.0,36,25,4, abiswas, python3, 81506
20200717 13:50, gpu2006, 0, 00000000:3B:00.0,36,42,6, abiswas, python3, 81506
20200717 13:50, gpu2006, 1, 00000000:AF:00.0,36,38,6, abiswas, python3, 81506
20200717 13:50, gpu2006, 2, 00000000:D8:00.0,36,0,0, abiswas, python3, 81506
20200717 13:55, gpu2006, 0, 00000000:3B:00.0,35,35,6, abiswas, python3, 81506
20200717 13:55, gpu2006, 1, 00000000:AF:00.0,36,15,3, abiswas, python3, 81506
20200717 13:55, gpu2006, 2, 00000000:D8:00.0,36,48,9, abiswas, python3, 81506
20200717 14:00, gpu2006, 0, 00000000:3B:00.0,35,14,2, abiswas, python3, 81506
20200717 14:00, gpu2006, 1, 00000000:AF:00.0,36,15,2, abiswas, python3, 81506
20200717 14:00, gpu2006, 2, 00000000:D8:00.0,36,36,6, abiswas, python3, 81506
20200717 14:05, gpu2006, 0, 00000000:3B:00.0,36,88,28, abiswas, python3, 81506
20200717 14:05, gpu2006, 1, 00000000:AF:00.0,36,72,21, abiswas, python3, 81506
20200717 14:05, gpu2006, 2, 00000000:D8:00.0,36,15,3, abiswas, python3, 81506
20200717 14:10, gpu2006, 0, 00000000:3B:00.0,35,39,7, abiswas, python3, 81506
20200717 14:10, gpu2006, 1, 00000000:AF:00.0,35,16,2, abiswas, python3, 81506
20200717 14:10, gpu2006, 2, 00000000:D8:00.0,36,17,3, abiswas, python3, 81506
20200717 14:15, gpu2006, 0, 00000000:3B:00.0,35,28,5, abiswas, python3, 81506
20200717 14:15, gpu2006, 1, 00000000:AF:00.0,35,0,0, abiswas, python3, 81506
20200717 14:15, gpu2006, 2, 00000000:D8:00.0,35,14,1, abiswas, python3, 81506
20200717 14:20, gpu2006, 0, 00000000:3B:00.0,35,36,6, abiswas, python3, 81506
20200717 14:20, gpu2006, 1, 00000000:AF:00.0,36,0,0, abiswas, python3, 81506
20200717 14:20, gpu2006, 2, 00000000:D8:00.0,38,32,9, abiswas, python3, 81506
20200717 14:25, gpu2006, 0, 00000000:3B:00.0,35,24,3, abiswas, python3, 81506
20200717 14:25, gpu2006, 1, 00000000:AF:00.0,35,10,0, abiswas, python3, 81506
20200717 14:25, gpu2006, 2, 00000000:D8:00.0,35,12,1, abiswas, python3, 81506
20200717 14:30, gpu2006, 0, 00000000:3B:00.0,32,0,0, sabramowitz, python3, 397974 398096 398097
20200717 14:30, gpu2006, 1, 00000000:AF:00.0,32,0,0, sabramowitz, python3, 397974 398096 398097
20200717 14:30, gpu2006, 2, 00000000:D8:00.0,30,0,0, null, null, null
20200717 14:35, gpu2006, 0, 00000000:3B:00.0,32,0,0, sabramowitz, python3, 397974 398096 398097
20200717 14:35, gpu2006, 1, 00000000:AF:00.0,32,0,0, sabramowitz, python3, 397974 398096 398097
20200717 14:35, gpu2006, 2, 00000000:D8:00.0,31,0,0, null, null, null
20200717 14:40, gpu2006, 0, 00000000:3B:00.0,31,0,0, sabramowitz, python3, 397974 398096 398097
20200717 14:40, gpu2006, 1, 00000000:AF:00.0,32,0,0, sabramowitz, python3, 397974 398096 398097
20200717 14:40, gpu2006, 2, 00000000:D8:00.0,30,0,0, null, null, null
20200717 14:45, gpu2006, 0, 00000000:3B:00.0,31,0,0, sabramowitz, python3, 397974 398096 398097
20200717 14:45, gpu2006, 1, 00000000:AF:00.0,32,0,0, sabramowitz, python3, 397974 398096 398097
20200717 14:45, gpu2006, 2, 00000000:D8:00.0,30,0,0, null, null, null
20200717 14:50, gpu2006, 0, 00000000:3B:00.0,34,0,0, sabramowitz, python3, 397974 398096 398097
20200717 14:50, gpu2006, 1, 00000000:AF:00.0,34,0,0, sabramowitz, python3, 397974 398096 398097
20200717 14:50, gpu2006, 2, 00000000:D8:00.0,33,0,0, null, null, null
20200717 14:55, gpu2006, 0, 00000000:3B:00.0,29,0,0, sabramowitz, python3, 397974 398096 398097
20200717 14:55, gpu2006, 1, 00000000:AF:00.0,29,0,0, sabramowitz, python3, 397974 398096 398097
20200717 14:55, gpu2006, 2, 00000000:D8:00.0,28,0,0, null, null, null
20200717 15:00, gpu2006, 0, 00000000:3B:00.0,32,0,0, sabramowitz, python3, 397974 398096 398097
20200717 15:00, gpu2006, 1, 00000000:AF:00.0,32,0,0, sabramowitz, python3, 397974 398096 398097
20200717 15:00, gpu2006, 2, 00000000:D8:00.0,31,0,0, null, null, null
20200717 15:05, gpu2006, 0, 00000000:3B:00.0,34,0,0, sabramowitz, python3, 397974 398096 398097
20200717 15:05, gpu2006, 1, 00000000:AF:00.0,35,0,0, sabramowitz, python3, 397974 398096 398097
20200717 15:05, gpu2006, 2, 00000000:D8:00.0,34,0,0, null, null, null
20200717 15:10, gpu2006, 0, 00000000:3B:00.0,29,0,0, sabramowitz, python3, 397974 398096 398097
20200717 15:10, gpu2006, 1, 00000000:AF:00.0,29,0,0, sabramowitz, python3, 397974 398096 398097
20200717 15:10, gpu2006, 2, 00000000:D8:00.0,27,0,0, null, null, null
20200717 15:15, gpu2006, 0, 00000000:3B:00.0,31,0,0, sabramowitz, python3, 397974 398096 398097
20200717 15:15, gpu2006, 1, 00000000:AF:00.0,32,0,0, sabramowitz, python3, 397974 398096 398097
20200717 15:15, gpu2006, 2, 00000000:D8:00.0,30,0,0, null, null, null
20200717 15:20, gpu2006, 0, 00000000:3B:00.0,31,0,0, sabramowitz, python3, 397974 398096 398097
20200717 15:20, gpu2006, 1, 00000000:AF:00.0,31,0,0, sabramowitz, python3, 397974 398096 398097
20200717 15:20, gpu2006, 2, 00000000:D8:00.0,48,98,36, smaphumulo, pmemd.cuda, 407234
20200717 15:25, gpu2006, 0, 00000000:3B:00.0,32,0,0, sabramowitz, python3, 397974 398096 398097
20200717 15:25, gpu2006, 1, 00000000:AF:00.0,32,0,0, sabramowitz, python3, 397974 398096 398097
20200717 15:25, gpu2006, 2, 00000000:D8:00.0,50,98,36, smaphumulo, pmemd.cuda, 407234
20200717 15:30, gpu2006, 0, 00000000:3B:00.0,31,0,0, sabramowitz, python3, 397974 398096 398097
20200717 15:30, gpu2006, 1, 00000000:AF:00.0,32,0,0, sabramowitz, python3, 397974 398096 398097
20200717 15:30, gpu2006, 2, 00000000:D8:00.0,50,98,36, smaphumulo, pmemd.cuda, 407234
20200717 15:35, gpu2006, 0, 00000000:3B:00.0,31,0,0, sabramowitz, python3, 397974 398096 398097
20200717 15:35, gpu2006, 1, 00000000:AF:00.0,32,0,0, sabramowitz, python3, 397974 398096 398097
20200717 15:35, gpu2006, 2, 00000000:D8:00.0,50,98,36, smaphumulo, pmemd.cuda, 407234
20200717 15:40, gpu2006, 0, 00000000:3B:00.0,32,0,0, sabramowitz, python3, 397974 398096 398097
20200717 15:40, gpu2006, 1, 00000000:AF:00.0,32,0,0, sabramowitz, python3, 397974 398096 398097
20200717 15:40, gpu2006, 2, 00000000:D8:00.0,50,98,35, smaphumulo, pmemd.cuda, 407234
20200717 15:45, gpu2006, 0, 00000000:3B:00.0,31,0,0, sabramowitz, python3, 397974 398096 398097
20200717 15:45, gpu2006, 1, 00000000:AF:00.0,32,0,0, sabramowitz, python3, 397974 398096 398097
20200717 15:45, gpu2006, 2, 00000000:D8:00.0,50,98,36, smaphumulo, pmemd.cuda, 407234
20200717 15:50, gpu2006, 0, 00000000:3B:00.0,31,0,0, sabramowitz, python3, 397974 398096 398097
20200717 15:50, gpu2006, 1, 00000000:AF:00.0,32,0,0, sabramowitz, python3, 397974 398096 398097
20200717 15:50, gpu2006, 2, 00000000:D8:00.0,50,98,36, smaphumulo, pmemd.cuda, 407234
20200717 15:55, gpu2006, 0, 00000000:3B:00.0,31,0,0, sabramowitz, python3, 397974 398096 398097
20200717 15:55, gpu2006, 1, 00000000:AF:00.0,32,1,0, sabramowitz, python3, 397974 398096 398097
20200717 15:55, gpu2006, 2, 00000000:D8:00.0,49,98,36, smaphumulo, pmemd.cuda, 407234
20200717 16:00, gpu2006, 0, 00000000:3B:00.0,31,0,0, sabramowitz, python3, 397974 398096 398097
20200717 16:00, gpu2006, 1, 00000000:AF:00.0,32,0,0, sabramowitz, python3, 397974 398096 398097
20200717 16:00, gpu2006, 2, 00000000:D8:00.0,50,98,36, smaphumulo, pmemd.cuda, 412019
20200717 16:05, gpu2006, 0, 00000000:3B:00.0,31,0,0, sabramowitz, python3, 397974 398096 398097
20200717 16:05, gpu2006, 1, 00000000:AF:00.0,32,0,0, sabramowitz, python3, 397974 398096 398097
20200717 16:05, gpu2006, 2, 00000000:D8:00.0,50,98,36, smaphumulo, pmemd.cuda, 412019
20200717 16:10, gpu2006, 0, 00000000:3B:00.0,31,0,0, sabramowitz, python3, 397974 398096 398097
20200717 16:10, gpu2006, 1, 00000000:AF:00.0,31,0,0, sabramowitz, python3, 397974 398096 398097
20200717 16:10, gpu2006, 2, 00000000:D8:00.0,49,98,36, smaphumulo, pmemd.cuda, 412019
20200717 16:15, gpu2006, 0, 00000000:3B:00.0,31,0,0, sabramowitz, python3, 397974 398096 398097
20200717 16:15, gpu2006, 1, 00000000:AF:00.0,32,0,0, sabramowitz, python3, 397974 398096 398097
20200717 16:15, gpu2006, 2, 00000000:D8:00.0,50,89,32, smaphumulo, pmemd.cuda, 412019
20200717 16:20, gpu2006, 0, 00000000:3B:00.0,31,2,0, sabramowitz, python3, 397974 398096 398097
20200717 16:20, gpu2006, 1, 00000000:AF:00.0,32,0,0, sabramowitz, python3, 397974 398096 398097
20200717 16:20, gpu2006, 2, 00000000:D8:00.0,50,98,36, smaphumulo, pmemd.cuda, 412019
20200717 16:25, gpu2006, 0, 00000000:3B:00.0,31,0,0, sabramowitz, python3, 397974 398096 398097
20200717 16:25, gpu2006, 1, 00000000:AF:00.0,32,0,0, sabramowitz, python3, 397974 398096 398097
20200717 16:25, gpu2006, 2, 00000000:D8:00.0,50,98,36, smaphumulo, pmemd.cuda, 412019
20200717 16:30, gpu2006, 0, 00000000:3B:00.0,31,2,0, sabramowitz, python3, 397974 398096 398097
20200717 16:30, gpu2006, 1, 00000000:AF:00.0,32,0,0, sabramowitz, python3, 397974 398096 398097
20200717 16:30, gpu2006, 2, 00000000:D8:00.0,50,98,36, smaphumulo, pmemd.cuda, 412019
20200717 16:35, gpu2006, 0, 00000000:3B:00.0,31,2,0, sabramowitz, python3, 397974 398096 398097
20200717 16:35, gpu2006, 1, 00000000:AF:00.0,32,0,0, sabramowitz, python3, 397974 398096 398097
20200717 16:35, gpu2006, 2, 00000000:D8:00.0,50,98,36, smaphumulo, pmemd.cuda, 415496
20200717 16:40, gpu2006, 0, 00000000:3B:00.0,31,0,0, sabramowitz, python3, 397974 398096 398097
20200717 16:40, gpu2006, 1, 00000000:AF:00.0,32,0,0, sabramowitz, python3, 397974 398096 398097
20200717 16:40, gpu2006, 2, 00000000:D8:00.0,50,98,36, smaphumulo, pmemd.cuda, 415496
20200717 16:45, gpu2006, 0, 00000000:3B:00.0,31,0,0, sabramowitz, python3, 397974 398096 398097
20200717 16:45, gpu2006, 1, 00000000:AF:00.0,32,0,0, sabramowitz, python3, 397974 398096 398097
20200717 16:45, gpu2006, 2, 00000000:D8:00.0,50,98,36, smaphumulo, pmemd.cuda, 415496
20200717 16:50, gpu2006, 0, 00000000:3B:00.0,31,0,0, sabramowitz, python3, 397974 398096 398097
20200717 16:50, gpu2006, 1, 00000000:AF:00.0,31,0,0, sabramowitz, python3, 397974 398096 398097
20200717 16:50, gpu2006, 2, 00000000:D8:00.0,50,98,36, smaphumulo, pmemd.cuda, 415496
20200717 16:55, gpu2006, 0, 00000000:3B:00.0,31,0,0, sabramowitz, python3, 397974 398096 398097
20200717 16:55, gpu2006, 1, 00000000:AF:00.0,32,0,0, sabramowitz, python3, 397974 398096 398097
20200717 16:55, gpu2006, 2, 00000000:D8:00.0,50,98,36, smaphumulo, pmemd.cuda, 415496
20200717 17:00, gpu2006, 0, 00000000:3B:00.0,31,0,0, sabramowitz, python3, 397974 398096 398097
20200717 17:00, gpu2006, 1, 00000000:AF:00.0,32,0,0, sabramowitz, python3, 397974 398096 398097
20200717 17:00, gpu2006, 2, 00000000:D8:00.0,50,98,36, smaphumulo, pmemd.cuda, 415496
20200717 17:05, gpu2006, 0, 00000000:3B:00.0,31,0,0, sabramowitz, python3, 397974 398096 398097
20200717 17:05, gpu2006, 1, 00000000:AF:00.0,32,0,0, sabramowitz, python3, 397974 398096 398097
20200717 17:05, gpu2006, 2, 00000000:D8:00.0,50,98,36, smaphumulo, pmemd.cuda, 415496
20200717 17:10, gpu2006, 0, 00000000:3B:00.0,31,0,0, sabramowitz, python3, 397974 398096 398097
20200717 17:10, gpu2006, 1, 00000000:AF:00.0,32,0,0, sabramowitz, python3, 397974 398096 398097
20200717 17:10, gpu2006, 2, 00000000:D8:00.0,50,98,36, smaphumulo, pmemd.cuda, 418129
20200717 17:15, gpu2006, 0, 00000000:3B:00.0,31,0,0, sabramowitz, python3, 397974 398096 398097
20200717 17:15, gpu2006, 1, 00000000:AF:00.0,32,0,0, sabramowitz, python3, 397974 398096 398097
20200717 17:15, gpu2006, 2, 00000000:D8:00.0,50,98,36, smaphumulo, pmemd.cuda, 418129
20200717 17:20, gpu2006, 0, 00000000:3B:00.0,31,0,0, sabramowitz, python3, 397974 398096 398097
20200717 17:20, gpu2006, 1, 00000000:AF:00.0,32,0,0, sabramowitz, python3, 397974 398096 398097
20200717 17:20, gpu2006, 2, 00000000:D8:00.0,50,98,35, smaphumulo, pmemd.cuda, 418129
20200717 17:25, gpu2006, 0, 00000000:3B:00.0,32,0,0, sabramowitz, python3, 397974 398096 398097
20200717 17:25, gpu2006, 1, 00000000:AF:00.0,32,0,0, sabramowitz, python3, 397974 398096 398097
20200717 17:25, gpu2006, 2, 00000000:D8:00.0,50,98,36, smaphumulo, pmemd.cuda, 418129
20200717 17:30, gpu2006, 0, 00000000:3B:00.0,32,0,0, sabramowitz, python3, 397974 398096 398097
20200717 17:30, gpu2006, 1, 00000000:AF:00.0,32,2,0, sabramowitz, python3, 397974 398096 398097
20200717 17:30, gpu2006, 2, 00000000:D8:00.0,50,89,33, smaphumulo, pmemd.cuda, 418129
20200717 17:35, gpu2006, 0, 00000000:3B:00.0,32,0,0, sabramowitz, python3, 397974 398096 398097
20200717 17:35, gpu2006, 1, 00000000:AF:00.0,32,0,0, sabramowitz, python3, 397974 398096 398097
20200717 17:35, gpu2006, 2, 00000000:D8:00.0,50,98,36, smaphumulo, pmemd.cuda, 418129
20200717 17:40, gpu2006, 0, 00000000:3B:00.0,31,0,0, sabramowitz, python3, 397974 398096 398097
20200717 17:40, gpu2006, 1, 00000000:AF:00.0,32,0,0, sabramowitz, python3, 397974 398096 398097
20200717 17:40, gpu2006, 2, 00000000:D8:00.0,50,98,36, smaphumulo, pmemd.cuda, 418129
20200717 17:45, gpu2006, 0, 00000000:3B:00.0,31,0,0, sabramowitz, python3, 397974 398096 398097
20200717 17:45, gpu2006, 1, 00000000:AF:00.0,32,0,0, sabramowitz, python3, 397974 398096 398097
20200717 17:45, gpu2006, 2, 00000000:D8:00.0,49,98,36, smaphumulo, pmemd.cuda, 420734
20200717 17:50, gpu2006, 0, 00000000:3B:00.0,31,0,0, sabramowitz, python3, 397974 398096 398097
20200717 17:50, gpu2006, 1, 00000000:AF:00.0,32,0,0, sabramowitz, python3, 397974 398096 398097
20200717 17:50, gpu2006, 2, 00000000:D8:00.0,50,98,36, smaphumulo, pmemd.cuda, 420734
20200717 17:55, gpu2006, 0, 00000000:3B:00.0,32,0,0, sabramowitz, python3, 397974 398096 398097
20200717 17:55, gpu2006, 1, 00000000:AF:00.0,32,0,0, sabramowitz, python3, 397974 398096 398097
20200717 17:55, gpu2006, 2, 00000000:D8:00.0,50,98,36, smaphumulo, pmemd.cuda, 420734
20200717 18:00, gpu2006, 0, 00000000:3B:00.0,32,0,0, sabramowitz, python3, 397974 398096 398097
20200717 18:00, gpu2006, 1, 00000000:AF:00.0,32,0,0, sabramowitz, python3, 397974 398096 398097
20200717 18:00, gpu2006, 2, 00000000:D8:00.0,50,89,32, smaphumulo, pmemd.cuda, 420734
20200717 18:05, gpu2006, 0, 00000000:3B:00.0,31,0,0, sabramowitz, python3, 397974 398096 398097
20200717 18:05, gpu2006, 1, 00000000:AF:00.0,32,1,0, sabramowitz, python3, 397974 398096 398097
20200717 18:05, gpu2006, 2, 00000000:D8:00.0,49,88,32, smaphumulo, pmemd.cuda, 420734
20200717 18:10, gpu2006, 0, 00000000:3B:00.0,31,0,0, sabramowitz, python3, 397974 398096 398097
20200717 18:10, gpu2006, 1, 00000000:AF:00.0,32,0,0, sabramowitz, python3, 397974 398096 398097
20200717 18:10, gpu2006, 2, 00000000:D8:00.0,50,98,36, smaphumulo, pmemd.cuda, 420734
20200717 18:15, gpu2006, 0, 00000000:3B:00.0,31,0,0, sabramowitz, python3, 397974 398096 398097
20200717 18:15, gpu2006, 1, 00000000:AF:00.0,31,0,0, sabramowitz, python3, 397974 398096 398097
20200717 18:15, gpu2006, 2, 00000000:D8:00.0,49,98,36, smaphumulo, pmemd.cuda, 420734
20200717 18:20, gpu2006, 0, 00000000:3B:00.0,32,0,0, sabramowitz, python3, 397974 398096 398097
20200717 18:20, gpu2006, 1, 00000000:AF:00.0,32,0,0, sabramowitz, python3, 397974 398096 398097
20200717 18:20, gpu2006, 2, 00000000:D8:00.0,50,98,36, smaphumulo, pmemd.cuda, 420734
20200717 18:25, gpu2006, 0, 00000000:3B:00.0,32,0,0, sabramowitz, python3, 397974 398096 398097
20200717 18:25, gpu2006, 1, 00000000:AF:00.0,32,0,0, sabramowitz, python3, 397974 398096 398097
20200717 18:25, gpu2006, 2, 00000000:D8:00.0,50,98,36, smaphumulo, pmemd.cuda, 423432
20200717 18:30, gpu2006, 0, 00000000:3B:00.0,31,0,0, sabramowitz, python3, 397974 398096 398097
20200717 18:30, gpu2006, 1, 00000000:AF:00.0,32,0,0, sabramowitz, python3, 397974 398096 398097
20200717 18:30, gpu2006, 2, 00000000:D8:00.0,50,88,32, smaphumulo, pmemd.cuda, 423432
20200717 18:35, gpu2006, 0, 00000000:3B:00.0,31,0,0, sabramowitz, python3, 397974 398096 398097
20200717 18:35, gpu2006, 1, 00000000:AF:00.0,31,0,0, sabramowitz, python3, 397974 398096 398097
20200717 18:35, gpu2006, 2, 00000000:D8:00.0,50,98,36, smaphumulo, pmemd.cuda, 423432
20200717 18:40, gpu2006, 0, 00000000:3B:00.0,31,0,0, sabramowitz, python3, 397974 398096 398097
20200717 18:40, gpu2006, 1, 00000000:AF:00.0,31,0,0, sabramowitz, python3, 397974 398096 398097
20200717 18:40, gpu2006, 2, 00000000:D8:00.0,49,94,34, smaphumulo, pmemd.cuda, 423432
20200717 18:45, gpu2006, 0, 00000000:3B:00.0,31,0,0, sabramowitz, python3, 397974 398096 398097
20200717 18:45, gpu2006, 1, 00000000:AF:00.0,32,0,0, sabramowitz, python3, 397974 398096 398097
20200717 18:45, gpu2006, 2, 00000000:D8:00.0,50,98,36, smaphumulo, pmemd.cuda, 423432
20200717 18:50, gpu2006, 0, 00000000:3B:00.0,31,0,0, sabramowitz, python3, 397974 398096 398097
20200717 18:50, gpu2006, 1, 00000000:AF:00.0,32,0,0, sabramowitz, python3, 397974 398096 398097
20200717 18:50, gpu2006, 2, 00000000:D8:00.0,50,98,36, smaphumulo, pmemd.cuda, 423432
20200717 18:55, gpu2006, 0, 00000000:3B:00.0,31,0,0, sabramowitz, python3, 397974 398096 398097
20200717 18:55, gpu2006, 1, 00000000:AF:00.0,32,0,0, sabramowitz, python3, 397974 398096 398097
20200717 18:55, gpu2006, 2, 00000000:D8:00.0,50,98,36, smaphumulo, pmemd.cuda, 423432
20200717 19:00, gpu2006, 0, 00000000:3B:00.0,31,0,0, sabramowitz, python3, 397974 398096 398097
20200717 19:00, gpu2006, 1, 00000000:AF:00.0,32,0,0, sabramowitz, python3, 397974 398096 398097
20200717 19:00, gpu2006, 2, 00000000:D8:00.0,50,98,36, smaphumulo, pmemd.cuda, 426014
20200717 19:05, gpu2006, 0, 00000000:3B:00.0,32,0,0, sabramowitz, python3, 397974 398096 398097
20200717 19:05, gpu2006, 1, 00000000:AF:00.0,32,0,0, sabramowitz, python3, 397974 398096 398097
20200717 19:05, gpu2006, 2, 00000000:D8:00.0,50,98,36, smaphumulo, pmemd.cuda, 426014
20200717 19:10, gpu2006, 0, 00000000:3B:00.0,32,0,0, sabramowitz, python3, 397974 398096 398097
20200717 19:10, gpu2006, 1, 00000000:AF:00.0,32,0,0, sabramowitz, python3, 397974 398096 398097
20200717 19:10, gpu2006, 2, 00000000:D8:00.0,50,98,36, smaphumulo, pmemd.cuda, 426014
20200717 19:15, gpu2006, 0, 00000000:3B:00.0,31,0,0, sabramowitz, python3, 397974 398096 398097
20200717 19:15, gpu2006, 1, 00000000:AF:00.0,32,0,0, sabramowitz, python3, 397974 398096 398097
20200717 19:15, gpu2006, 2, 00000000:D8:00.0,50,98,36, smaphumulo, pmemd.cuda, 426014
20200717 19:20, gpu2006, 0, 00000000:3B:00.0,31,0,0, sabramowitz, python3, 397974 398096 398097
20200717 19:20, gpu2006, 1, 00000000:AF:00.0,32,0,0, sabramowitz, python3, 397974 398096 398097
20200717 19:20, gpu2006, 2, 00000000:D8:00.0,50,98,36, smaphumulo, pmemd.cuda, 426014
20200717 19:25, gpu2006, 0, 00000000:3B:00.0,31,0,0, sabramowitz, python3, 397974 398096 398097
20200717 19:25, gpu2006, 1, 00000000:AF:00.0,32,0,0, sabramowitz, python3, 397974 398096 398097
20200717 19:25, gpu2006, 2, 00000000:D8:00.0,50,98,36, smaphumulo, pmemd.cuda, 426014
20200717 19:30, gpu2006, 0, 00000000:3B:00.0,31,0,0, sabramowitz, python3, 397974 398096 398097
20200717 19:30, gpu2006, 1, 00000000:AF:00.0,32,0,0, sabramowitz, python3, 397974 398096 398097
20200717 19:30, gpu2006, 2, 00000000:D8:00.0,50,98,36, smaphumulo, pmemd.cuda, 426014
20200717 19:35, gpu2006, 0, 00000000:3B:00.0,31,0,0, sabramowitz, python3, 397974 398096 398097
20200717 19:35, gpu2006, 1, 00000000:AF:00.0,31,0,0, sabramowitz, python3, 397974 398096 398097
20200717 19:35, gpu2006, 2, 00000000:D8:00.0,50,98,36, smaphumulo, pmemd.cuda, 428691
20200717 19:40, gpu2006, 0, 00000000:3B:00.0,31,0,0, sabramowitz, python3, 397974 398096 398097
20200717 19:40, gpu2006, 1, 00000000:AF:00.0,32,0,0, sabramowitz, python3, 397974 398096 398097
20200717 19:40, gpu2006, 2, 00000000:D8:00.0,50,96,35, smaphumulo, pmemd.cuda, 428691
20200717 19:45, gpu2006, 0, 00000000:3B:00.0,31,2,0, sabramowitz, python3, 397974 398096 398097
20200717 19:45, gpu2006, 1, 00000000:AF:00.0,32,0,0, sabramowitz, python3, 397974 398096 398097
20200717 19:45, gpu2006, 2, 00000000:D8:00.0,50,98,36, smaphumulo, pmemd.cuda, 428691
20200717 19:50, gpu2006, 0, 00000000:3B:00.0,31,0,0, sabramowitz, python3, 397974 398096 398097
20200717 19:50, gpu2006, 1, 00000000:AF:00.0,32,0,0, sabramowitz, python3, 397974 398096 398097
20200717 19:50, gpu2006, 2, 00000000:D8:00.0,50,98,36, smaphumulo, pmemd.cuda, 428691
20200717 19:55, gpu2006, 0, 00000000:3B:00.0,31,0,0, sabramowitz, python3, 397974 398096 398097
20200717 19:55, gpu2006, 1, 00000000:AF:00.0,32,0,0, sabramowitz, python3, 397974 398096 398097
20200717 19:55, gpu2006, 2, 00000000:D8:00.0,50,98,36, smaphumulo, pmemd.cuda, 428691
20200717 20:00, gpu2006, 0, 00000000:3B:00.0,31,0,0, sabramowitz, python3, 397974 398096 398097
20200717 20:00, gpu2006, 1, 00000000:AF:00.0,32,2,0, sabramowitz, python3, 397974 398096 398097
20200717 20:00, gpu2006, 2, 00000000:D8:00.0,50,98,35, smaphumulo, pmemd.cuda, 428691
20200717 20:05, gpu2006, 0, 00000000:3B:00.0,31,0,0, sabramowitz, python3, 397974 398096 398097
20200717 20:05, gpu2006, 1, 00000000:AF:00.0,32,0,0, sabramowitz, python3, 397974 398096 398097
20200717 20:05, gpu2006, 2, 00000000:D8:00.0,50,98,36, smaphumulo, pmemd.cuda, 428691
20200717 20:10, gpu2006, 0, 00000000:3B:00.0,31,0,0, sabramowitz, python3, 397974 398096 398097
20200717 20:10, gpu2006, 1, 00000000:AF:00.0,32,0,0, sabramowitz, python3, 397974 398096 398097
20200717 20:10, gpu2006, 2, 00000000:D8:00.0,50,98,36, smaphumulo, pmemd.cuda, 428691
20200717 20:15, gpu2006, 0, 00000000:3B:00.0,31,1,0, sabramowitz, python3, 397974 398096 398097
20200717 20:15, gpu2006, 1, 00000000:AF:00.0,31,0,0, sabramowitz, python3, 397974 398096 398097
20200717 20:15, gpu2006, 2, 00000000:D8:00.0,49,98,36, smaphumulo, pmemd.cuda, 431374
20200717 20:20, gpu2006, 0, 00000000:3B:00.0,31,0,0, sabramowitz, python3, 397974 398096 398097
20200717 20:20, gpu2006, 1, 00000000:AF:00.0,31,0,0, sabramowitz, python3, 397974 398096 398097
20200717 20:20, gpu2006, 2, 00000000:D8:00.0,50,98,36, smaphumulo, pmemd.cuda, 431374
20200717 20:25, gpu2006, 0, 00000000:3B:00.0,31,0,0, sabramowitz, python3, 397974 398096 398097
20200717 20:25, gpu2006, 1, 00000000:AF:00.0,31,0,0, sabramowitz, python3, 397974 398096 398097
20200717 20:25, gpu2006, 2, 00000000:D8:00.0,30,0,0, null, null, null
20200717 20:30, gpu2006, 0, 00000000:3B:00.0,31,0,0, sabramowitz, python3, 397974 398096 398097
20200717 20:30, gpu2006, 1, 00000000:AF:00.0,31,0,0, sabramowitz, python3, 397974 398096 398097
20200717 20:30, gpu2006, 2, 00000000:D8:00.0,30,0,0, null, null, null
20200717 20:35, gpu2006, 0, 00000000:3B:00.0,31,0,0, sabramowitz, python3, 397974 398096 398097
20200717 20:35, gpu2006, 1, 00000000:AF:00.0,31,0,0, sabramowitz, python3, 397974 398096 398097
20200717 20:35, gpu2006, 2, 00000000:D8:00.0,30,0,0, null, null, null
20200717 20:40, gpu2006, 0, 00000000:3B:00.0,31,0,0, sabramowitz, python3, 397974 398096 398097
20200717 20:40, gpu2006, 1, 00000000:AF:00.0,31,0,0, sabramowitz, python3, 397974 398096 398097
20200717 20:40, gpu2006, 2, 00000000:D8:00.0,30,0,0, null, null, null
20200717 20:45, gpu2006, 0, 00000000:3B:00.0,31,0,0, sabramowitz, python3, 397974 398096 398097
20200717 20:45, gpu2006, 1, 00000000:AF:00.0,31,0,0, sabramowitz, python3, 397974 398096 398097
20200717 20:45, gpu2006, 2, 00000000:D8:00.0,30,0,0, null, null, null
20200717 20:50, gpu2006, 0, 00000000:3B:00.0,31,0,0, sabramowitz, python3, 397974 398096 398097
20200717 20:50, gpu2006, 1, 00000000:AF:00.0,31,0,0, sabramowitz, python3, 397974 398096 398097
20200717 20:50, gpu2006, 2, 00000000:D8:00.0,30,0,0, null, null, null
20200717 20:55, gpu2006, 0, 00000000:3B:00.0,31,0,0, sabramowitz, python3, 397974 398096 398097
20200717 20:55, gpu2006, 1, 00000000:AF:00.0,32,0,0, sabramowitz, python3, 397974 398096 398097
20200717 20:55, gpu2006, 2, 00000000:D8:00.0,30,0,0, null, null, null
20200717 21:00, gpu2006, 0, 00000000:3B:00.0,31,0,0, sabramowitz, python3, 397974 398096 398097
20200717 21:00, gpu2006, 1, 00000000:AF:00.0,32,2,0, sabramowitz, python3, 397974 398096 398097
20200717 21:00, gpu2006, 2, 00000000:D8:00.0,30,0,0, null, null, null
20200717 21:05, gpu2006, 0, 00000000:3B:00.0,31,0,0, sabramowitz, python3, 397974 398096 398097
20200717 21:05, gpu2006, 1, 00000000:AF:00.0,32,0,0, sabramowitz, python3, 397974 398096 398097
20200717 21:05, gpu2006, 2, 00000000:D8:00.0,30,0,0, null, null, null
20200717 21:10, gpu2006, 0, 00000000:3B:00.0,32,0,0, sabramowitz, python3, 397974 398096 398097
20200717 21:10, gpu2006, 1, 00000000:AF:00.0,32,1,0, sabramowitz, python3, 397974 398096 398097
20200717 21:10, gpu2006, 2, 00000000:D8:00.0,30,0,0, null, null, null
20200717 21:15, gpu2006, 0, 00000000:3B:00.0,31,2,0, sabramowitz, python3, 397974 398096 398097
20200717 21:15, gpu2006, 1, 00000000:AF:00.0,32,0,0, sabramowitz, python3, 397974 398096 398097
20200717 21:15, gpu2006, 2, 00000000:D8:00.0,30,0,0, null, null, null
20200717 21:20, gpu2006, 0, 00000000:3B:00.0,31,0,0, sabramowitz, python3, 397974 398096 398097
20200717 21:20, gpu2006, 1, 00000000:AF:00.0,31,2,0, sabramowitz, python3, 397974 398096 398097
20200717 21:20, gpu2006, 2, 00000000:D8:00.0,30,0,0, null, null, null
20200717 21:25, gpu2006, 0, 00000000:3B:00.0,31,0,0, sabramowitz, python3, 397974 398096 398097
20200717 21:25, gpu2006, 1, 00000000:AF:00.0,31,0,0, sabramowitz, python3, 397974 398096 398097
20200717 21:25, gpu2006, 2, 00000000:D8:00.0,30,0,0, null, null, null
20200717 21:30, gpu2006, 0, 00000000:3B:00.0,31,0,0, sabramowitz, python3, 397974 398096 398097
20200717 21:30, gpu2006, 1, 00000000:AF:00.0,31,0,0, sabramowitz, python3, 397974 398096 398097
20200717 21:30, gpu2006, 2, 00000000:D8:00.0,30,0,0, null, null, null
20200717 21:35, gpu2006, 0, 00000000:3B:00.0,31,0,0, sabramowitz, python3, 397974 398096 398097
20200717 21:35, gpu2006, 1, 00000000:AF:00.0,32,0,0, sabramowitz, python3, 397974 398096 398097
20200717 21:35, gpu2006, 2, 00000000:D8:00.0,37,89,14, aadewumi1, pmemd.cuda.MPI, 441711
20200717 21:40, gpu2006, 0, 00000000:3B:00.0,31,0,0, sabramowitz, python3, 397974 398096 398097
20200717 21:40, gpu2006, 1, 00000000:AF:00.0,31,0,0, sabramowitz, python3, 397974 398096 398097
20200717 21:40, gpu2006, 2, 00000000:D8:00.0,45,88,14, aadewumi1, pmemd.cuda.MPI, 441711
20200717 21:45, gpu2006, 0, 00000000:3B:00.0,31,0,0, sabramowitz, python3, 397974 398096 398097
20200717 21:45, gpu2006, 1, 00000000:AF:00.0,31,0,0, sabramowitz, python3, 397974 398096 398097
20200717 21:45, gpu2006, 2, 00000000:D8:00.0,43,88,14, aadewumi1, pmemd.cuda.MPI, 441711
20200717 21:50, gpu2006, 0, 00000000:3B:00.0,31,0,0, sabramowitz, python3, 397974 398096 398097
20200717 21:50, gpu2006, 1, 00000000:AF:00.0,32,0,0, sabramowitz, python3, 397974 398096 398097
20200717 21:50, gpu2006, 2, 00000000:D8:00.0,40,96,15, aadewumi1, pmemd.cuda.MPI, 441711
20200717 21:55, gpu2006, 0, 00000000:3B:00.0,31,0,0, sabramowitz, python3, 397974 398096 398097
20200717 21:55, gpu2006, 1, 00000000:AF:00.0,32,0,0, sabramowitz, python3, 397974 398096 398097
20200717 21:55, gpu2006, 2, 00000000:D8:00.0,46,89,14, aadewumi1, pmemd.cuda.MPI, 441711
20200717 22:00, gpu2006, 0, 00000000:3B:00.0,31,0,0, sabramowitz, python3, 397974 398096 398097
20200717 22:00, gpu2006, 1, 00000000:AF:00.0,32,0,0, sabramowitz, python3, 397974 398096 398097
20200717 22:00, gpu2006, 2, 00000000:D8:00.0,46,95,15, aadewumi1, pmemd.cuda.MPI, 441711
20200717 22:05, gpu2006, 0, 00000000:3B:00.0,31,0,0, sabramowitz, python3, 397974 398096 398097
20200717 22:05, gpu2006, 1, 00000000:AF:00.0,32,0,0, sabramowitz, python3, 397974 398096 398097
20200717 22:05, gpu2006, 2, 00000000:D8:00.0,46,95,15, aadewumi1, pmemd.cuda.MPI, 441711
20200717 22:10, gpu2006, 0, 00000000:3B:00.0,31,2,0, sabramowitz, python3, 397974 398096 398097
20200717 22:10, gpu2006, 1, 00000000:AF:00.0,32,0,0, sabramowitz, python3, 397974 398096 398097
20200717 22:10, gpu2006, 2, 00000000:D8:00.0,46,94,15, aadewumi1, pmemd.cuda.MPI, 441711
20200717 22:15, gpu2006, 0, 00000000:3B:00.0,31,0,0, sabramowitz, python3, 397974 398096 398097
20200717 22:15, gpu2006, 1, 00000000:AF:00.0,32,0,0, sabramowitz, python3, 397974 398096 398097
20200717 22:15, gpu2006, 2, 00000000:D8:00.0,46,96,15, aadewumi1, pmemd.cuda.MPI, 441711
20200717 22:20, gpu2006, 0, 00000000:3B:00.0,31,0,0, sabramowitz, python3, 397974 398096 398097
20200717 22:20, gpu2006, 1, 00000000:AF:00.0,32,0,0, sabramowitz, python3, 397974 398096 398097
20200717 22:20, gpu2006, 2, 00000000:D8:00.0,46,96,15, aadewumi1, pmemd.cuda.MPI, 441711
20200717 22:25, gpu2006, 0, 00000000:3B:00.0,31,0,0, sabramowitz, python3, 397974 398096 398097
20200717 22:25, gpu2006, 1, 00000000:AF:00.0,32,0,0, sabramowitz, python3, 397974 398096 398097
20200717 22:25, gpu2006, 2, 00000000:D8:00.0,46,90,14, aadewumi1, pmemd.cuda.MPI, 441711
20200717 22:30, gpu2006, 0, 00000000:3B:00.0,31,0,0, sabramowitz, python3, 397974 398096 398097
20200717 22:30, gpu2006, 1, 00000000:AF:00.0,32,0,0, sabramowitz, python3, 397974 398096 398097
20200717 22:30, gpu2006, 2, 00000000:D8:00.0,46,96,15, aadewumi1, pmemd.cuda.MPI, 441711
20200717 22:35, gpu2006, 0, 00000000:3B:00.0,31,0,0, sabramowitz, python3, 397974 398096 398097
20200717 22:35, gpu2006, 1, 00000000:AF:00.0,32,0,0, sabramowitz, python3, 397974 398096 398097
20200717 22:35, gpu2006, 2, 00000000:D8:00.0,46,96,15, aadewumi1, pmemd.cuda.MPI, 441711
20200717 22:40, gpu2006, 0, 00000000:3B:00.0,31,0,0, sabramowitz, python3, 397974 398096 398097
20200717 22:40, gpu2006, 1, 00000000:AF:00.0,32,0,0, sabramowitz, python3, 397974 398096 398097
20200717 22:40, gpu2006, 2, 00000000:D8:00.0,44,95,15, aadewumi1, pmemd.cuda.MPI, 441711
20200717 22:45, gpu2006, 0, 00000000:3B:00.0,31,0,0, sabramowitz, python3, 397974 398096 398097
20200717 22:45, gpu2006, 1, 00000000:AF:00.0,32,0,0, sabramowitz, python3, 397974 398096 398097
20200717 22:45, gpu2006, 2, 00000000:D8:00.0,46,96,15, aadewumi1, pmemd.cuda.MPI, 441711
20200717 22:50, gpu2006, 0, 00000000:3B:00.0,31,0,0, sabramowitz, python3, 397974 398096 398097
20200717 22:50, gpu2006, 1, 00000000:AF:00.0,32,0,0, sabramowitz, python3, 397974 398096 398097
20200717 22:50, gpu2006, 2, 00000000:D8:00.0,46,90,14, aadewumi1, pmemd.cuda.MPI, 441711
20200717 22:55, gpu2006, 0, 00000000:3B:00.0,31,0,0, sabramowitz, python3, 397974 398096 398097
20200717 22:55, gpu2006, 1, 00000000:AF:00.0,32,0,0, sabramowitz, python3, 397974 398096 398097
20200717 22:55, gpu2006, 2, 00000000:D8:00.0,46,88,14, aadewumi1, pmemd.cuda.MPI, 441711
20200717 23:00, gpu2006, 0, 00000000:3B:00.0,30,0,0, mpahar, python, 447745
20200717 23:00, gpu2006, 1, 00000000:AF:00.0,30,0,0, mpahar, python, 447745
20200717 23:00, gpu2006, 2, 00000000:D8:00.0,46,88,14, aadewumi1, pmemd.cuda.MPI, 441711
20200717 23:05, gpu2006, 0, 00000000:3B:00.0,30,0,0, mpahar, python, 447745
20200717 23:05, gpu2006, 1, 00000000:AF:00.0,30,0,0, mpahar, python, 447745
20200717 23:05, gpu2006, 2, 00000000:D8:00.0,46,88,14, aadewumi1, pmemd.cuda.MPI, 441711
20200717 23:10, gpu2006, 0, 00000000:3B:00.0,30,0,0, mpahar, python, 447745
20200717 23:10, gpu2006, 1, 00000000:AF:00.0,30,0,0, mpahar, python, 447745
20200717 23:10, gpu2006, 2, 00000000:D8:00.0,46,96,15, aadewumi1, pmemd.cuda.MPI, 441711
20200717 23:15, gpu2006, 0, 00000000:3B:00.0,30,0,0, mpahar, python, 447745
20200717 23:15, gpu2006, 1, 00000000:AF:00.0,30,0,0, mpahar, python, 447745
20200717 23:15, gpu2006, 2, 00000000:D8:00.0,46,95,15, aadewumi1, pmemd.cuda.MPI, 441711
20200717 23:20, gpu2006, 0, 00000000:3B:00.0,30,0,0, mpahar, python, 447745
20200717 23:20, gpu2006, 1, 00000000:AF:00.0,30,0,0, mpahar, python, 447745
20200717 23:20, gpu2006, 2, 00000000:D8:00.0,45,95,15, aadewumi1, pmemd.cuda.MPI, 441711
20200717 23:25, gpu2006, 0, 00000000:3B:00.0,30,0,0, mpahar, python, 447745
20200717 23:25, gpu2006, 1, 00000000:AF:00.0,30,0,0, mpahar, python, 447745
20200717 23:25, gpu2006, 2, 00000000:D8:00.0,45,95,15, aadewumi1, pmemd.cuda.MPI, 441711
20200717 23:30, gpu2006, 0, 00000000:3B:00.0,30,0,0, mpahar, python, 447745
20200717 23:30, gpu2006, 1, 00000000:AF:00.0,30,0,0, mpahar, python, 447745
20200717 23:30, gpu2006, 2, 00000000:D8:00.0,46,87,14, aadewumi1, pmemd.cuda.MPI, 441711
20200717 23:35, gpu2006, 0, 00000000:3B:00.0,30,0,0, mpahar, python, 447745
20200717 23:35, gpu2006, 1, 00000000:AF:00.0,30,0,0, mpahar, python, 447745
20200717 23:35, gpu2006, 2, 00000000:D8:00.0,46,89,14, aadewumi1, pmemd.cuda.MPI, 441711
20200717 23:40, gpu2006, 0, 00000000:3B:00.0,30,0,0, mpahar, python, 447745
20200717 23:40, gpu2006, 1, 00000000:AF:00.0,30,0,0, mpahar, python, 447745
20200717 23:40, gpu2006, 2, 00000000:D8:00.0,46,95,15, aadewumi1, pmemd.cuda.MPI, 441711
20200717 23:45, gpu2006, 0, 00000000:3B:00.0,30,0,0, mpahar, python, 447745
20200717 23:45, gpu2006, 1, 00000000:AF:00.0,30,0,0, mpahar, python, 447745
20200717 23:45, gpu2006, 2, 00000000:D8:00.0,46,89,14, aadewumi1, pmemd.cuda.MPI, 441711
20200717 23:50, gpu2006, 0, 00000000:3B:00.0,30,0,0, mpahar, python, 447745
20200717 23:50, gpu2006, 1, 00000000:AF:00.0,30,0,0, mpahar, python, 447745
20200717 23:50, gpu2006, 2, 00000000:D8:00.0,45,95,15, aadewumi1, pmemd.cuda.MPI, 441711
20200717 23:55, gpu2006, 0, 00000000:3B:00.0,30,0,0, mpahar, python, 447745
20200717 23:55, gpu2006, 1, 00000000:AF:00.0,30,0,0, mpahar, python, 447745
20200717 23:55, gpu2006, 2, 00000000:D8:00.0,46,88,14, aadewumi1, pmemd.cuda.MPI, 441711
