20200716 00:00, gpu2006, 0, 00000000:3B:00.0,52,98,24, hothman, pmemd.cuda, 406390 409933
20200716 00:00, gpu2006, 1, 00000000:AF:00.0,34,12,4, sabramowitz, python3, 409762 409933 410015 410027
20200716 00:00, gpu2006, 2, 00000000:D8:00.0,35,22,10, sabramowitz, python3, 409762 409933 410015 410027
20200716 00:05, gpu2006, 0, 00000000:3B:00.0,51,98,24, hothman, pmemd.cuda, 406390 409933
20200716 00:05, gpu2006, 1, 00000000:AF:00.0,35,16,6, sabramowitz, python3, 409762 409933 410015 410027
20200716 00:05, gpu2006, 2, 00000000:D8:00.0,36,33,19, sabramowitz, python3, 409762 409933 410015 410027
20200716 00:10, gpu2006, 0, 00000000:3B:00.0,48,100,18, hothman, pmemd.cuda, 406390 415028 415132 415157 415158 415159 415160 415161 415162
20200716 00:10, gpu2006, 1, 00000000:AF:00.0,36,36,18, sabramowitz, python3, 414741 415028 415096 415097 415132 415157 415158 415159 415160 415161 415162
20200716 00:10, gpu2006, 2, 00000000:D8:00.0,36,36,18, sabramowitz, python3, 414741 415028 415096 415097 415132 415157 415158 415159 415160 415161 415162
20200716 00:15, gpu2006, 0, 00000000:3B:00.0,47,100,18, hothman, pmemd.cuda, 406390 415028 415132 415157 415158 415159 415160 415161 415162
20200716 00:15, gpu2006, 1, 00000000:AF:00.0,39,26,15, sabramowitz, python3, 414741 415028 415096 415097 415132 415157 415158 415159 415160 415161 415162
20200716 00:15, gpu2006, 2, 00000000:D8:00.0,39,35,18, sabramowitz, python3, 414741 415028 415096 415097 415132 415157 415158 415159 415160 415161 415162
20200716 00:20, gpu2006, 0, 00000000:3B:00.0,47,100,18, hothman, pmemd.cuda, 406390 415028 415132 415157 415158 415159 415160 415161 415162
20200716 00:20, gpu2006, 1, 00000000:AF:00.0,39,34,18, sabramowitz, python3, 414741 415028 415096 415097 415132 415157 415158 415159 415160 415161 415162
20200716 00:20, gpu2006, 2, 00000000:D8:00.0,38,30,13, sabramowitz, python3, 414741 415028 415096 415097 415132 415157 415158 415159 415160 415161 415162
20200716 00:25, gpu2006, 0, 00000000:3B:00.0,47,100,18, hothman, pmemd.cuda, 406390 415028 415132 415157 415158 415159 415160 415161 415162
20200716 00:25, gpu2006, 1, 00000000:AF:00.0,38,34,18, sabramowitz, python3, 414741 415028 415096 415097 415132 415157 415158 415159 415160 415161 415162
20200716 00:25, gpu2006, 2, 00000000:D8:00.0,38,22,15, sabramowitz, python3, 414741 415028 415096 415097 415132 415157 415158 415159 415160 415161 415162
20200716 00:30, gpu2006, 0, 00000000:3B:00.0,47,100,18, hothman, pmemd.cuda, 406390 415028 415132 415157 415158 415159 415160 415161 415162
20200716 00:30, gpu2006, 1, 00000000:AF:00.0,39,34,18, sabramowitz, python3, 414741 415028 415096 415097 415132 415157 415158 415159 415160 415161 415162
20200716 00:30, gpu2006, 2, 00000000:D8:00.0,32,0,0, sabramowitz, python3, 414741 415028 415096 415097 415132 415157 415158 415159 415160 415161 415162
20200716 00:35, gpu2006, 0, 00000000:3B:00.0,48,98,24, hothman, pmemd.cuda, 406390 415028 415132 415157 415158 415159 415160 415161 415162
20200716 00:35, gpu2006, 1, 00000000:AF:00.0,39,34,18, sabramowitz, python3, 414741 415028 415096 415097 415132 415157 415158 415159 415160 415161 415162
20200716 00:35, gpu2006, 2, 00000000:D8:00.0,33,0,0, sabramowitz, python3, 414741 415028 415096 415097 415132 415157 415158 415159 415160 415161 415162
20200716 00:40, gpu2006, 0, 00000000:3B:00.0,47,100,18, hothman, pmemd.cuda, 406390 415028 415132 415157 415158 415159 415160 415161 415162
20200716 00:40, gpu2006, 1, 00000000:AF:00.0,40,34,18, sabramowitz, python3, 414741 415028 415096 415097 415132 415157 415158 415159 415160 415161 415162
20200716 00:40, gpu2006, 2, 00000000:D8:00.0,33,1,0, sabramowitz, python3, 414741 415028 415096 415097 415132 415157 415158 415159 415160 415161 415162
20200716 00:45, gpu2006, 0, 00000000:3B:00.0,48,100,36, hothman, pmemd.cuda, 406390 415028 415132 415157 415158 415159 415160 415161 415162
20200716 00:45, gpu2006, 1, 00000000:AF:00.0,39,34,18, sabramowitz, python3, 414741 415028 415096 415097 415132 415157 415158 415159 415160 415161 415162
20200716 00:45, gpu2006, 2, 00000000:D8:00.0,32,0,0, sabramowitz, python3, 414741 415028 415096 415097 415132 415157 415158 415159 415160 415161 415162
20200716 00:50, gpu2006, 0, 00000000:3B:00.0,48,100,24, hothman, pmemd.cuda, 406390 415028 415132 415157 415158 415159 415160 415161 415162
20200716 00:50, gpu2006, 1, 00000000:AF:00.0,38,28,15, sabramowitz, python3, 414741 415028 415096 415097 415132 415157 415158 415159 415160 415161 415162
20200716 00:50, gpu2006, 2, 00000000:D8:00.0,33,0,0, sabramowitz, python3, 414741 415028 415096 415097 415132 415157 415158 415159 415160 415161 415162
20200716 00:55, gpu2006, 0, 00000000:3B:00.0,47,100,18, hothman, pmemd.cuda, 406390 415028 415132 415157 415158 415159 415160 415161 415162
20200716 00:55, gpu2006, 1, 00000000:AF:00.0,39,34,18, sabramowitz, python3, 414741 415028 415096 415097 415132 415157 415158 415159 415160 415161 415162
20200716 00:55, gpu2006, 2, 00000000:D8:00.0,32,1,0, sabramowitz, python3, 414741 415028 415096 415097 415132 415157 415158 415159 415160 415161 415162
20200716 01:00, gpu2006, 0, 00000000:3B:00.0,48,100,25, hothman, pmemd.cuda, 406390 415028 415132 415157 415158 415159 415160 415161 415162
20200716 01:00, gpu2006, 1, 00000000:AF:00.0,41,19,11, sabramowitz, python3, 414741 415028 415096 415097 415132 415157 415158 415159 415160 415161 415162
20200716 01:00, gpu2006, 2, 00000000:D8:00.0,33,0,0, sabramowitz, python3, 414741 415028 415096 415097 415132 415157 415158 415159 415160 415161 415162
20200716 01:05, gpu2006, 0, 00000000:3B:00.0,48,100,36, hothman, pmemd.cuda, 406390 415028 415132 415157 415158 415159 415160 415161 415162
20200716 01:05, gpu2006, 1, 00000000:AF:00.0,33,0,0, sabramowitz, python3, 414741 415028 415096 415097 415132 415157 415158 415159 415160 415161 415162
20200716 01:05, gpu2006, 2, 00000000:D8:00.0,33,0,0, sabramowitz, python3, 414741 415028 415096 415097 415132 415157 415158 415159 415160 415161 415162
20200716 01:10, gpu2006, 0, 00000000:3B:00.0,47,100,18, hothman, pmemd.cuda, 406390 415028 415132 419700 419701 419702 419703 419704 419705
20200716 01:10, gpu2006, 1, 00000000:AF:00.0,32,2,0, sabramowitz, python3, 414741 415028 415096 415097 415132 419700 419701 419702 419703 419704 419705
20200716 01:10, gpu2006, 2, 00000000:D8:00.0,32,0,0, sabramowitz, python3, 414741 415028 415096 415097 415132 419700 419701 419702 419703 419704 419705
20200716 01:15, gpu2006, 0, 00000000:3B:00.0,47,99,25, hothman, pmemd.cuda, 406390 415028 415132 419700 419701 419702 419703 419704 419705
20200716 01:15, gpu2006, 1, 00000000:AF:00.0,32,0,0, sabramowitz, python3, 414741 415028 415096 415097 415132 419700 419701 419702 419703 419704 419705
20200716 01:15, gpu2006, 2, 00000000:D8:00.0,32,0,0, sabramowitz, python3, 414741 415028 415096 415097 415132 419700 419701 419702 419703 419704 419705
20200716 01:20, gpu2006, 0, 00000000:3B:00.0,48,100,18, hothman, pmemd.cuda, 406390 415028 415132 419700 419701 419702 419703 419704 419705
20200716 01:20, gpu2006, 1, 00000000:AF:00.0,32,0,0, sabramowitz, python3, 414741 415028 415096 415097 415132 419700 419701 419702 419703 419704 419705
20200716 01:20, gpu2006, 2, 00000000:D8:00.0,32,0,0, sabramowitz, python3, 414741 415028 415096 415097 415132 419700 419701 419702 419703 419704 419705
20200716 01:25, gpu2006, 0, 00000000:3B:00.0,47,100,18, hothman, pmemd.cuda, 406390 415028 415132 419700 419701 419702 419703 419704 419705
20200716 01:25, gpu2006, 1, 00000000:AF:00.0,32,0,0, sabramowitz, python3, 414741 415028 415096 415097 415132 419700 419701 419702 419703 419704 419705
20200716 01:25, gpu2006, 2, 00000000:D8:00.0,32,5,0, sabramowitz, python3, 414741 415028 415096 415097 415132 419700 419701 419702 419703 419704 419705
20200716 01:30, gpu2006, 0, 00000000:3B:00.0,47,100,18, hothman, pmemd.cuda, 406390 415028 415132 419700 419701 419702 419703 419704 419705
20200716 01:30, gpu2006, 1, 00000000:AF:00.0,32,0,0, sabramowitz, python3, 414741 415028 415096 415097 415132 419700 419701 419702 419703 419704 419705
20200716 01:30, gpu2006, 2, 00000000:D8:00.0,32,0,0, sabramowitz, python3, 414741 415028 415096 415097 415132 419700 419701 419702 419703 419704 419705
20200716 01:35, gpu2006, 0, 00000000:3B:00.0,47,98,18, hothman, pmemd.cuda, 406390 415028 415132 419700 419701 419702 419703 419704 419705
20200716 01:35, gpu2006, 1, 00000000:AF:00.0,32,2,0, sabramowitz, python3, 414741 415028 415096 415097 415132 419700 419701 419702 419703 419704 419705
20200716 01:35, gpu2006, 2, 00000000:D8:00.0,32,0,0, sabramowitz, python3, 414741 415028 415096 415097 415132 419700 419701 419702 419703 419704 419705
20200716 01:40, gpu2006, 0, 00000000:3B:00.0,47,100,19, hothman, pmemd.cuda, 406390 415028 415132 419700 419701 419702 419703 419704 419705
20200716 01:40, gpu2006, 1, 00000000:AF:00.0,32,0,0, sabramowitz, python3, 414741 415028 415096 415097 415132 419700 419701 419702 419703 419704 419705
20200716 01:40, gpu2006, 2, 00000000:D8:00.0,32,0,0, sabramowitz, python3, 414741 415028 415096 415097 415132 419700 419701 419702 419703 419704 419705
20200716 01:45, gpu2006, 0, 00000000:3B:00.0,47,100,23, hothman, pmemd.cuda, 406390 415028 415132 419700 419701 419702 419703 419704 419705
20200716 01:45, gpu2006, 1, 00000000:AF:00.0,32,2,0, sabramowitz, python3, 414741 415028 415096 415097 415132 419700 419701 419702 419703 419704 419705
20200716 01:45, gpu2006, 2, 00000000:D8:00.0,32,0,0, sabramowitz, python3, 414741 415028 415096 415097 415132 419700 419701 419702 419703 419704 419705
20200716 01:50, gpu2006, 0, 00000000:3B:00.0,47,100,19, hothman, pmemd.cuda, 406390 415028 415132 419700 419701 419702 419703 419704 419705
20200716 01:50, gpu2006, 1, 00000000:AF:00.0,32,0,0, sabramowitz, python3, 414741 415028 415096 415097 415132 419700 419701 419702 419703 419704 419705
20200716 01:50, gpu2006, 2, 00000000:D8:00.0,32,0,0, sabramowitz, python3, 414741 415028 415096 415097 415132 419700 419701 419702 419703 419704 419705
20200716 01:55, gpu2006, 0, 00000000:3B:00.0,47,100,18, hothman, pmemd.cuda, 406390 415028 415132 419700 419701 419702 419703 419704 419705
20200716 01:55, gpu2006, 1, 00000000:AF:00.0,32,2,0, sabramowitz, python3, 414741 415028 415096 415097 415132 419700 419701 419702 419703 419704 419705
20200716 01:55, gpu2006, 2, 00000000:D8:00.0,32,6,0, sabramowitz, python3, 414741 415028 415096 415097 415132 419700 419701 419702 419703 419704 419705
20200716 02:00, gpu2006, 0, 00000000:3B:00.0,47,100,35, hothman, pmemd.cuda, 406390 415028 415132 419700 419701 419702 419703 419704 419705
20200716 02:00, gpu2006, 1, 00000000:AF:00.0,32,0,0, sabramowitz, python3, 414741 415028 415096 415097 415132 419700 419701 419702 419703 419704 419705
20200716 02:00, gpu2006, 2, 00000000:D8:00.0,32,1,0, sabramowitz, python3, 414741 415028 415096 415097 415132 419700 419701 419702 419703 419704 419705
20200716 02:05, gpu2006, 0, 00000000:3B:00.0,47,100,18, hothman, pmemd.cuda, 406390 415028 415132 419700 419701 419702 419703 419704 419705
20200716 02:05, gpu2006, 1, 00000000:AF:00.0,32,0,0, sabramowitz, python3, 414741 415028 415096 415097 415132 419700 419701 419702 419703 419704 419705
20200716 02:05, gpu2006, 2, 00000000:D8:00.0,32,0,0, sabramowitz, python3, 414741 415028 415096 415097 415132 419700 419701 419702 419703 419704 419705
20200716 02:10, gpu2006, 0, 00000000:3B:00.0,47,100,22, hothman, pmemd.cuda, 406390 415028 415132 424428 424429 424430 424431 424432 424433
20200716 02:10, gpu2006, 1, 00000000:AF:00.0,32,0,0, sabramowitz, python3, 414741 415028 415096 415097 415132 424428 424429 424430 424431 424432 424433
20200716 02:10, gpu2006, 2, 00000000:D8:00.0,32,0,0, sabramowitz, python3, 414741 415028 415096 415097 415132 424428 424429 424430 424431 424432 424433
20200716 02:15, gpu2006, 0, 00000000:3B:00.0,47,100,25, hothman, pmemd.cuda, 406390 415028 415132 424428 424429 424430 424431 424432 424433
20200716 02:15, gpu2006, 1, 00000000:AF:00.0,32,0,0, sabramowitz, python3, 414741 415028 415096 415097 415132 424428 424429 424430 424431 424432 424433
20200716 02:15, gpu2006, 2, 00000000:D8:00.0,32,0,0, sabramowitz, python3, 414741 415028 415096 415097 415132 424428 424429 424430 424431 424432 424433
20200716 02:20, gpu2006, 0, 00000000:3B:00.0,47,98,18, hothman, pmemd.cuda, 406390 415028 415132 424428 424429 424430 424431 424432 424433
20200716 02:20, gpu2006, 1, 00000000:AF:00.0,32,0,0, sabramowitz, python3, 414741 415028 415096 415097 415132 424428 424429 424430 424431 424432 424433
20200716 02:20, gpu2006, 2, 00000000:D8:00.0,32,1,0, sabramowitz, python3, 414741 415028 415096 415097 415132 424428 424429 424430 424431 424432 424433
20200716 02:25, gpu2006, 0, 00000000:3B:00.0,47,100,36, hothman, pmemd.cuda, 406390 415028 415132 424428 424429 424430 424431 424432 424433
20200716 02:25, gpu2006, 1, 00000000:AF:00.0,32,0,0, sabramowitz, python3, 414741 415028 415096 415097 415132 424428 424429 424430 424431 424432 424433
20200716 02:25, gpu2006, 2, 00000000:D8:00.0,32,0,0, sabramowitz, python3, 414741 415028 415096 415097 415132 424428 424429 424430 424431 424432 424433
20200716 02:30, gpu2006, 0, 00000000:3B:00.0,47,100,21, hothman, pmemd.cuda, 406390 415028 415132 424428 424429 424430 424431 424432 424433
20200716 02:30, gpu2006, 1, 00000000:AF:00.0,32,0,0, sabramowitz, python3, 414741 415028 415096 415097 415132 424428 424429 424430 424431 424432 424433
20200716 02:30, gpu2006, 2, 00000000:D8:00.0,32,1,0, sabramowitz, python3, 414741 415028 415096 415097 415132 424428 424429 424430 424431 424432 424433
20200716 02:35, gpu2006, 0, 00000000:3B:00.0,47,100,22, hothman, pmemd.cuda, 406390 415028 415132 424428 424429 424430 424431 424432 424433
20200716 02:35, gpu2006, 1, 00000000:AF:00.0,32,1,0, sabramowitz, python3, 414741 415028 415096 415097 415132 424428 424429 424430 424431 424432 424433
20200716 02:35, gpu2006, 2, 00000000:D8:00.0,32,0,0, sabramowitz, python3, 414741 415028 415096 415097 415132 424428 424429 424430 424431 424432 424433
20200716 02:40, gpu2006, 0, 00000000:3B:00.0,47,100,18, hothman, pmemd.cuda, 406390 415028 415132 424428 424429 424430 424431 424432 424433
20200716 02:40, gpu2006, 1, 00000000:AF:00.0,32,2,0, sabramowitz, python3, 414741 415028 415096 415097 415132 424428 424429 424430 424431 424432 424433
20200716 02:40, gpu2006, 2, 00000000:D8:00.0,32,0,0, sabramowitz, python3, 414741 415028 415096 415097 415132 424428 424429 424430 424431 424432 424433
20200716 02:45, gpu2006, 0, 00000000:3B:00.0,48,98,27, hothman, pmemd.cuda, 406390 415028 415132 424428 424429 424430 424431 424432 424433
20200716 02:45, gpu2006, 1, 00000000:AF:00.0,32,0,0, sabramowitz, python3, 414741 415028 415096 415097 415132 424428 424429 424430 424431 424432 424433
20200716 02:45, gpu2006, 2, 00000000:D8:00.0,32,0,0, sabramowitz, python3, 414741 415028 415096 415097 415132 424428 424429 424430 424431 424432 424433
20200716 02:50, gpu2006, 0, 00000000:3B:00.0,47,100,18, hothman, pmemd.cuda, 406390 415028 415132 424428 424429 424430 424431 424432 424433
20200716 02:50, gpu2006, 1, 00000000:AF:00.0,32,0,0, sabramowitz, python3, 414741 415028 415096 415097 415132 424428 424429 424430 424431 424432 424433
20200716 02:50, gpu2006, 2, 00000000:D8:00.0,32,0,0, sabramowitz, python3, 414741 415028 415096 415097 415132 424428 424429 424430 424431 424432 424433
20200716 02:55, gpu2006, 0, 00000000:3B:00.0,47,100,25, hothman, pmemd.cuda, 406390 415028 415132 424428 424429 424430 424431 424432 424433
20200716 02:55, gpu2006, 1, 00000000:AF:00.0,32,0,0, sabramowitz, python3, 414741 415028 415096 415097 415132 424428 424429 424430 424431 424432 424433
20200716 02:55, gpu2006, 2, 00000000:D8:00.0,32,0,0, sabramowitz, python3, 414741 415028 415096 415097 415132 424428 424429 424430 424431 424432 424433
20200716 03:00, gpu2006, 0, 00000000:3B:00.0,47,100,19, hothman, pmemd.cuda, 406390 415028 415132 424428 424429 424430 424431 424432 424433
20200716 03:00, gpu2006, 1, 00000000:AF:00.0,32,0,0, sabramowitz, python3, 414741 415028 415096 415097 415132 424428 424429 424430 424431 424432 424433
20200716 03:00, gpu2006, 2, 00000000:D8:00.0,32,0,0, sabramowitz, python3, 414741 415028 415096 415097 415132 424428 424429 424430 424431 424432 424433
20200716 03:05, gpu2006, 0, 00000000:3B:00.0,47,100,24, hothman, pmemd.cuda, 406390 415028 415132 424428 424429 424430 424431 424432 424433
20200716 03:05, gpu2006, 1, 00000000:AF:00.0,32,0,0, sabramowitz, python3, 414741 415028 415096 415097 415132 424428 424429 424430 424431 424432 424433
20200716 03:05, gpu2006, 2, 00000000:D8:00.0,32,0,0, sabramowitz, python3, 414741 415028 415096 415097 415132 424428 424429 424430 424431 424432 424433
20200716 03:10, gpu2006, 0, 00000000:3B:00.0,47,100,18, hothman, pmemd.cuda, 406390 415028 415132 429028 429029 429030 429031 429032 429033
20200716 03:10, gpu2006, 1, 00000000:AF:00.0,32,0,0, sabramowitz, python3, 414741 415028 415096 415097 415132 429028 429029 429030 429031 429032 429033
20200716 03:10, gpu2006, 2, 00000000:D8:00.0,32,0,0, sabramowitz, python3, 414741 415028 415096 415097 415132 429028 429029 429030 429031 429032 429033
20200716 03:15, gpu2006, 0, 00000000:3B:00.0,48,100,37, hothman, pmemd.cuda, 406390 415028 415132 429028 429029 429030 429031 429032 429033
20200716 03:15, gpu2006, 1, 00000000:AF:00.0,32,0,0, sabramowitz, python3, 414741 415028 415096 415097 415132 429028 429029 429030 429031 429032 429033
20200716 03:15, gpu2006, 2, 00000000:D8:00.0,32,8,1, sabramowitz, python3, 414741 415028 415096 415097 415132 429028 429029 429030 429031 429032 429033
20200716 03:20, gpu2006, 0, 00000000:3B:00.0,47,100,18, hothman, pmemd.cuda, 406390 415028 415132 429028 429029 429030 429031 429032 429033
20200716 03:20, gpu2006, 1, 00000000:AF:00.0,32,0,0, sabramowitz, python3, 414741 415028 415096 415097 415132 429028 429029 429030 429031 429032 429033
20200716 03:20, gpu2006, 2, 00000000:D8:00.0,32,0,0, sabramowitz, python3, 414741 415028 415096 415097 415132 429028 429029 429030 429031 429032 429033
20200716 03:25, gpu2006, 0, 00000000:3B:00.0,47,100,35, hothman, pmemd.cuda, 406390 415028 415132 429028 429029 429030 429031 429032 429033
20200716 03:25, gpu2006, 1, 00000000:AF:00.0,32,4,1, sabramowitz, python3, 414741 415028 415096 415097 415132 429028 429029 429030 429031 429032 429033
20200716 03:25, gpu2006, 2, 00000000:D8:00.0,32,2,0, sabramowitz, python3, 414741 415028 415096 415097 415132 429028 429029 429030 429031 429032 429033
20200716 03:30, gpu2006, 0, 00000000:3B:00.0,47,98,18, hothman, pmemd.cuda, 406390 415028 415132 429028 429029 429030 429031 429032 429033
20200716 03:30, gpu2006, 1, 00000000:AF:00.0,32,2,0, sabramowitz, python3, 414741 415028 415096 415097 415132 429028 429029 429030 429031 429032 429033
20200716 03:30, gpu2006, 2, 00000000:D8:00.0,32,8,1, sabramowitz, python3, 414741 415028 415096 415097 415132 429028 429029 429030 429031 429032 429033
20200716 03:35, gpu2006, 0, 00000000:3B:00.0,47,100,18, hothman, pmemd.cuda, 406390 415028 415132 429028 429029 429030 429031 429032 429033
20200716 03:35, gpu2006, 1, 00000000:AF:00.0,32,0,0, sabramowitz, python3, 414741 415028 415096 415097 415132 429028 429029 429030 429031 429032 429033
20200716 03:35, gpu2006, 2, 00000000:D8:00.0,32,1,0, sabramowitz, python3, 414741 415028 415096 415097 415132 429028 429029 429030 429031 429032 429033
20200716 03:40, gpu2006, 0, 00000000:3B:00.0,47,100,18, hothman, pmemd.cuda, 406390 415028 415132 429028 429029 429030 429031 429032 429033
20200716 03:40, gpu2006, 1, 00000000:AF:00.0,32,0,0, sabramowitz, python3, 414741 415028 415096 415097 415132 429028 429029 429030 429031 429032 429033
20200716 03:40, gpu2006, 2, 00000000:D8:00.0,32,1,0, sabramowitz, python3, 414741 415028 415096 415097 415132 429028 429029 429030 429031 429032 429033
20200716 03:45, gpu2006, 0, 00000000:3B:00.0,47,100,18, hothman, pmemd.cuda, 406390 415028 415132 429028 429029 429030 429031 429032 429033
20200716 03:45, gpu2006, 1, 00000000:AF:00.0,32,0,0, sabramowitz, python3, 414741 415028 415096 415097 415132 429028 429029 429030 429031 429032 429033
20200716 03:45, gpu2006, 2, 00000000:D8:00.0,32,0,0, sabramowitz, python3, 414741 415028 415096 415097 415132 429028 429029 429030 429031 429032 429033
20200716 03:50, gpu2006, 0, 00000000:3B:00.0,47,100,36, hothman, pmemd.cuda, 406390 415028 415132 429028 429029 429030 429031 429032 429033
20200716 03:50, gpu2006, 1, 00000000:AF:00.0,32,0,0, sabramowitz, python3, 414741 415028 415096 415097 415132 429028 429029 429030 429031 429032 429033
20200716 03:50, gpu2006, 2, 00000000:D8:00.0,32,0,0, sabramowitz, python3, 414741 415028 415096 415097 415132 429028 429029 429030 429031 429032 429033
20200716 03:55, gpu2006, 0, 00000000:3B:00.0,47,100,25, hothman, pmemd.cuda, 406390 415028 415132 429028 429029 429030 429031 429032 429033
20200716 03:55, gpu2006, 1, 00000000:AF:00.0,32,0,0, sabramowitz, python3, 414741 415028 415096 415097 415132 429028 429029 429030 429031 429032 429033
20200716 03:55, gpu2006, 2, 00000000:D8:00.0,32,0,0, sabramowitz, python3, 414741 415028 415096 415097 415132 429028 429029 429030 429031 429032 429033
20200716 04:00, gpu2006, 0, 00000000:3B:00.0,47,100,18, hothman, pmemd.cuda, 406390 415028 415132 429028 429029 429030 429031 429032 429033
20200716 04:00, gpu2006, 1, 00000000:AF:00.0,32,1,0, sabramowitz, python3, 414741 415028 415096 415097 415132 429028 429029 429030 429031 429032 429033
20200716 04:00, gpu2006, 2, 00000000:D8:00.0,32,7,0, sabramowitz, python3, 414741 415028 415096 415097 415132 429028 429029 429030 429031 429032 429033
20200716 04:05, gpu2006, 0, 00000000:3B:00.0,47,100,18, hothman, pmemd.cuda, 406390 415028 415132 433640 433641 433642 433643 433644 433645
20200716 04:05, gpu2006, 1, 00000000:AF:00.0,32,0,0, sabramowitz, python3, 414741 415028 415096 415097 415132 433640 433641 433642 433643 433644 433645
20200716 04:05, gpu2006, 2, 00000000:D8:00.0,32,0,0, sabramowitz, python3, 414741 415028 415096 415097 415132 433640 433641 433642 433643 433644 433645
20200716 04:10, gpu2006, 0, 00000000:3B:00.0,47,100,18, hothman, pmemd.cuda, 406390 415028 415132 433640 433641 433642 433643 433644 433645
20200716 04:10, gpu2006, 1, 00000000:AF:00.0,32,0,0, sabramowitz, python3, 414741 415028 415096 415097 415132 433640 433641 433642 433643 433644 433645
20200716 04:10, gpu2006, 2, 00000000:D8:00.0,32,0,0, sabramowitz, python3, 414741 415028 415096 415097 415132 433640 433641 433642 433643 433644 433645
20200716 04:15, gpu2006, 0, 00000000:3B:00.0,47,100,18, hothman, pmemd.cuda, 406390 415028 415132 433640 433641 433642 433643 433644 433645
20200716 04:15, gpu2006, 1, 00000000:AF:00.0,32,0,0, sabramowitz, python3, 414741 415028 415096 415097 415132 433640 433641 433642 433643 433644 433645
20200716 04:15, gpu2006, 2, 00000000:D8:00.0,32,0,0, sabramowitz, python3, 414741 415028 415096 415097 415132 433640 433641 433642 433643 433644 433645
20200716 04:20, gpu2006, 0, 00000000:3B:00.0,47,100,18, hothman, pmemd.cuda, 406390 415028 415132 433640 433641 433642 433643 433644 433645
20200716 04:20, gpu2006, 1, 00000000:AF:00.0,32,0,0, sabramowitz, python3, 414741 415028 415096 415097 415132 433640 433641 433642 433643 433644 433645
20200716 04:20, gpu2006, 2, 00000000:D8:00.0,32,1,0, sabramowitz, python3, 414741 415028 415096 415097 415132 433640 433641 433642 433643 433644 433645
20200716 04:25, gpu2006, 0, 00000000:3B:00.0,47,100,20, hothman, pmemd.cuda, 406390 415028 415132 433640 433641 433642 433643 433644 433645
20200716 04:25, gpu2006, 1, 00000000:AF:00.0,32,0,0, sabramowitz, python3, 414741 415028 415096 415097 415132 433640 433641 433642 433643 433644 433645
20200716 04:25, gpu2006, 2, 00000000:D8:00.0,32,0,0, sabramowitz, python3, 414741 415028 415096 415097 415132 433640 433641 433642 433643 433644 433645
20200716 04:30, gpu2006, 0, 00000000:3B:00.0,47,98,24, hothman, pmemd.cuda, 406390 415028 415132 433640 433641 433642 433643 433644 433645
20200716 04:30, gpu2006, 1, 00000000:AF:00.0,32,0,0, sabramowitz, python3, 414741 415028 415096 415097 415132 433640 433641 433642 433643 433644 433645
20200716 04:30, gpu2006, 2, 00000000:D8:00.0,32,1,0, sabramowitz, python3, 414741 415028 415096 415097 415132 433640 433641 433642 433643 433644 433645
20200716 04:35, gpu2006, 0, 00000000:3B:00.0,47,100,18, hothman, pmemd.cuda, 406390 415028 415132 433640 433641 433642 433643 433644 433645
20200716 04:35, gpu2006, 1, 00000000:AF:00.0,32,0,0, sabramowitz, python3, 414741 415028 415096 415097 415132 433640 433641 433642 433643 433644 433645
20200716 04:35, gpu2006, 2, 00000000:D8:00.0,32,0,0, sabramowitz, python3, 414741 415028 415096 415097 415132 433640 433641 433642 433643 433644 433645
20200716 04:40, gpu2006, 0, 00000000:3B:00.0,47,100,18, hothman, pmemd.cuda, 406390 415028 415132 433640 433641 433642 433643 433644 433645
20200716 04:40, gpu2006, 1, 00000000:AF:00.0,32,0,0, sabramowitz, python3, 414741 415028 415096 415097 415132 433640 433641 433642 433643 433644 433645
20200716 04:40, gpu2006, 2, 00000000:D8:00.0,32,2,0, sabramowitz, python3, 414741 415028 415096 415097 415132 433640 433641 433642 433643 433644 433645
20200716 04:45, gpu2006, 0, 00000000:3B:00.0,47,100,37, hothman, pmemd.cuda, 406390 415028 415132 433640 433641 433642 433643 433644 433645
20200716 04:45, gpu2006, 1, 00000000:AF:00.0,32,0,0, sabramowitz, python3, 414741 415028 415096 415097 415132 433640 433641 433642 433643 433644 433645
20200716 04:45, gpu2006, 2, 00000000:D8:00.0,32,0,0, sabramowitz, python3, 414741 415028 415096 415097 415132 433640 433641 433642 433643 433644 433645
20200716 04:50, gpu2006, 0, 00000000:3B:00.0,47,95,37, hothman, pmemd.cuda, 406390 415028 415132 433640 433641 433642 433643 433644 433645
20200716 04:50, gpu2006, 1, 00000000:AF:00.0,32,0,0, sabramowitz, python3, 414741 415028 415096 415097 415132 433640 433641 433642 433643 433644 433645
20200716 04:50, gpu2006, 2, 00000000:D8:00.0,32,0,0, sabramowitz, python3, 414741 415028 415096 415097 415132 433640 433641 433642 433643 433644 433645
20200716 04:55, gpu2006, 0, 00000000:3B:00.0,47,100,35, hothman, pmemd.cuda, 406390 415028 415132 433640 433641 433642 433643 433644 433645
20200716 04:55, gpu2006, 1, 00000000:AF:00.0,32,0,0, sabramowitz, python3, 414741 415028 415096 415097 415132 433640 433641 433642 433643 433644 433645
20200716 04:55, gpu2006, 2, 00000000:D8:00.0,32,1,0, sabramowitz, python3, 414741 415028 415096 415097 415132 433640 433641 433642 433643 433644 433645
20200716 05:00, gpu2006, 0, 00000000:3B:00.0,47,100,18, hothman, pmemd.cuda, 406390 415028 415132 433640 433641 433642 433643 433644 433645
20200716 05:00, gpu2006, 1, 00000000:AF:00.0,32,0,0, sabramowitz, python3, 414741 415028 415096 415097 415132 433640 433641 433642 433643 433644 433645
20200716 05:00, gpu2006, 2, 00000000:D8:00.0,32,0,0, sabramowitz, python3, 414741 415028 415096 415097 415132 433640 433641 433642 433643 433644 433645
20200716 05:05, gpu2006, 0, 00000000:3B:00.0,47,100,18, hothman, pmemd.cuda, 406390 415028 415132 438141 438143 438144 438145 438146 438147
20200716 05:05, gpu2006, 1, 00000000:AF:00.0,32,0,0, sabramowitz, python3, 414741 415028 415096 415097 415132 438141 438143 438144 438145 438146 438147
20200716 05:05, gpu2006, 2, 00000000:D8:00.0,32,0,0, sabramowitz, python3, 414741 415028 415096 415097 415132 438141 438143 438144 438145 438146 438147
20200716 05:10, gpu2006, 0, 00000000:3B:00.0,47,100,25, hothman, pmemd.cuda, 406390 415028 415132 438141 438143 438144 438145 438146 438147
20200716 05:10, gpu2006, 1, 00000000:AF:00.0,32,14,2, sabramowitz, python3, 414741 415028 415096 415097 415132 438141 438143 438144 438145 438146 438147
20200716 05:10, gpu2006, 2, 00000000:D8:00.0,32,0,0, sabramowitz, python3, 414741 415028 415096 415097 415132 438141 438143 438144 438145 438146 438147
20200716 05:15, gpu2006, 0, 00000000:3B:00.0,47,100,26, hothman, pmemd.cuda, 406390 415028 415132 438141 438143 438144 438145 438146 438147
20200716 05:15, gpu2006, 1, 00000000:AF:00.0,32,0,0, sabramowitz, python3, 414741 415028 415096 415097 415132 438141 438143 438144 438145 438146 438147
20200716 05:15, gpu2006, 2, 00000000:D8:00.0,32,0,0, sabramowitz, python3, 414741 415028 415096 415097 415132 438141 438143 438144 438145 438146 438147
20200716 05:20, gpu2006, 0, 00000000:3B:00.0,47,100,25, hothman, pmemd.cuda, 406390 415028 415132 438141 438143 438144 438145 438146 438147
20200716 05:20, gpu2006, 1, 00000000:AF:00.0,32,0,0, sabramowitz, python3, 414741 415028 415096 415097 415132 438141 438143 438144 438145 438146 438147
20200716 05:20, gpu2006, 2, 00000000:D8:00.0,32,0,0, sabramowitz, python3, 414741 415028 415096 415097 415132 438141 438143 438144 438145 438146 438147
20200716 05:25, gpu2006, 0, 00000000:3B:00.0,47,98,33, hothman, pmemd.cuda, 406390 415028 415132 438141 438143 438144 438145 438146 438147
20200716 05:25, gpu2006, 1, 00000000:AF:00.0,32,0,0, sabramowitz, python3, 414741 415028 415096 415097 415132 438141 438143 438144 438145 438146 438147
20200716 05:25, gpu2006, 2, 00000000:D8:00.0,32,0,0, sabramowitz, python3, 414741 415028 415096 415097 415132 438141 438143 438144 438145 438146 438147
20200716 05:30, gpu2006, 0, 00000000:3B:00.0,47,100,18, hothman, pmemd.cuda, 406390 415028 415132 438141 438143 438144 438145 438146 438147
20200716 05:30, gpu2006, 1, 00000000:AF:00.0,32,0,0, sabramowitz, python3, 414741 415028 415096 415097 415132 438141 438143 438144 438145 438146 438147
20200716 05:30, gpu2006, 2, 00000000:D8:00.0,32,0,0, sabramowitz, python3, 414741 415028 415096 415097 415132 438141 438143 438144 438145 438146 438147
20200716 05:35, gpu2006, 0, 00000000:3B:00.0,47,100,36, hothman, pmemd.cuda, 406390 415028 415132 438141 438143 438144 438145 438146 438147
20200716 05:35, gpu2006, 1, 00000000:AF:00.0,32,0,0, sabramowitz, python3, 414741 415028 415096 415097 415132 438141 438143 438144 438145 438146 438147
20200716 05:35, gpu2006, 2, 00000000:D8:00.0,32,0,0, sabramowitz, python3, 414741 415028 415096 415097 415132 438141 438143 438144 438145 438146 438147
20200716 05:40, gpu2006, 0, 00000000:3B:00.0,47,100,18, hothman, pmemd.cuda, 406390 415028 415132 438141 438143 438144 438145 438146 438147
20200716 05:40, gpu2006, 1, 00000000:AF:00.0,32,0,0, sabramowitz, python3, 414741 415028 415096 415097 415132 438141 438143 438144 438145 438146 438147
20200716 05:40, gpu2006, 2, 00000000:D8:00.0,32,1,0, sabramowitz, python3, 414741 415028 415096 415097 415132 438141 438143 438144 438145 438146 438147
20200716 05:45, gpu2006, 0, 00000000:3B:00.0,47,100,18, hothman, pmemd.cuda, 406390 415028 415132 438141 438143 438144 438145 438146 438147
20200716 05:45, gpu2006, 1, 00000000:AF:00.0,32,0,0, sabramowitz, python3, 414741 415028 415096 415097 415132 438141 438143 438144 438145 438146 438147
20200716 05:45, gpu2006, 2, 00000000:D8:00.0,32,0,0, sabramowitz, python3, 414741 415028 415096 415097 415132 438141 438143 438144 438145 438146 438147
20200716 05:50, gpu2006, 0, 00000000:3B:00.0,47,100,18, hothman, pmemd.cuda, 406390 415028 415132 438141 438143 438144 438145 438146 438147
20200716 05:50, gpu2006, 1, 00000000:AF:00.0,32,0,0, sabramowitz, python3, 414741 415028 415096 415097 415132 438141 438143 438144 438145 438146 438147
20200716 05:50, gpu2006, 2, 00000000:D8:00.0,32,1,0, sabramowitz, python3, 414741 415028 415096 415097 415132 438141 438143 438144 438145 438146 438147
20200716 05:55, gpu2006, 0, 00000000:3B:00.0,47,100,26, hothman, pmemd.cuda, 406390 415028 415132 438141 438143 438144 438145 438146 438147
20200716 05:55, gpu2006, 1, 00000000:AF:00.0,32,0,0, sabramowitz, python3, 414741 415028 415096 415097 415132 438141 438143 438144 438145 438146 438147
20200716 05:55, gpu2006, 2, 00000000:D8:00.0,32,0,0, sabramowitz, python3, 414741 415028 415096 415097 415132 438141 438143 438144 438145 438146 438147
20200716 06:00, gpu2006, 0, 00000000:3B:00.0,47,100,19, hothman, pmemd.cuda, 406390 415028 415132 438141 438143 438144 438145 438146 438147
20200716 06:00, gpu2006, 1, 00000000:AF:00.0,32,0,0, sabramowitz, python3, 414741 415028 415096 415097 415132 438141 438143 438144 438145 438146 438147
20200716 06:00, gpu2006, 2, 00000000:D8:00.0,32,0,0, sabramowitz, python3, 414741 415028 415096 415097 415132 438141 438143 438144 438145 438146 438147
20200716 06:05, gpu2006, 0, 00000000:3B:00.0,47,100,18, hothman, pmemd.cuda, 406390 415028 415132 442629 442630 442631 442632 442633 442634
20200716 06:05, gpu2006, 1, 00000000:AF:00.0,32,0,0, sabramowitz, python3, 414741 415028 415096 415097 415132 442629 442630 442631 442632 442633 442634
20200716 06:05, gpu2006, 2, 00000000:D8:00.0,32,1,0, sabramowitz, python3, 414741 415028 415096 415097 415132 442629 442630 442631 442632 442633 442634
20200716 06:10, gpu2006, 0, 00000000:3B:00.0,48,100,26, hothman, pmemd.cuda, 406390 415028 415132 442629 442630 442631 442632 442633 442634
20200716 06:10, gpu2006, 1, 00000000:AF:00.0,32,0,0, sabramowitz, python3, 414741 415028 415096 415097 415132 442629 442630 442631 442632 442633 442634
20200716 06:10, gpu2006, 2, 00000000:D8:00.0,32,0,0, sabramowitz, python3, 414741 415028 415096 415097 415132 442629 442630 442631 442632 442633 442634
20200716 06:15, gpu2006, 0, 00000000:3B:00.0,47,100,35, hothman, pmemd.cuda, 406390 415028 415132 442629 442630 442631 442632 442633 442634
20200716 06:15, gpu2006, 1, 00000000:AF:00.0,32,0,0, sabramowitz, python3, 414741 415028 415096 415097 415132 442629 442630 442631 442632 442633 442634
20200716 06:15, gpu2006, 2, 00000000:D8:00.0,32,1,0, sabramowitz, python3, 414741 415028 415096 415097 415132 442629 442630 442631 442632 442633 442634
20200716 06:20, gpu2006, 0, 00000000:3B:00.0,47,100,18, hothman, pmemd.cuda, 406390 415028 415132 442629 442630 442631 442632 442633 442634
20200716 06:20, gpu2006, 1, 00000000:AF:00.0,32,0,0, sabramowitz, python3, 414741 415028 415096 415097 415132 442629 442630 442631 442632 442633 442634
20200716 06:20, gpu2006, 2, 00000000:D8:00.0,32,0,0, sabramowitz, python3, 414741 415028 415096 415097 415132 442629 442630 442631 442632 442633 442634
20200716 06:25, gpu2006, 0, 00000000:3B:00.0,47,100,21, hothman, pmemd.cuda, 406390 415028 415132 442629 442630 442631 442632 442633 442634
20200716 06:25, gpu2006, 1, 00000000:AF:00.0,32,0,0, sabramowitz, python3, 414741 415028 415096 415097 415132 442629 442630 442631 442632 442633 442634
20200716 06:25, gpu2006, 2, 00000000:D8:00.0,32,0,0, sabramowitz, python3, 414741 415028 415096 415097 415132 442629 442630 442631 442632 442633 442634
20200716 06:30, gpu2006, 0, 00000000:3B:00.0,47,100,18, hothman, pmemd.cuda, 406390 415028 415132 442629 442630 442631 442632 442633 442634
20200716 06:30, gpu2006, 1, 00000000:AF:00.0,32,0,0, sabramowitz, python3, 414741 415028 415096 415097 415132 442629 442630 442631 442632 442633 442634
20200716 06:30, gpu2006, 2, 00000000:D8:00.0,32,0,0, sabramowitz, python3, 414741 415028 415096 415097 415132 442629 442630 442631 442632 442633 442634
20200716 06:35, gpu2006, 0, 00000000:3B:00.0,47,100,19, hothman, pmemd.cuda, 406390 415028 415132 442629 442630 442631 442632 442633 442634
20200716 06:35, gpu2006, 1, 00000000:AF:00.0,32,0,0, sabramowitz, python3, 414741 415028 415096 415097 415132 442629 442630 442631 442632 442633 442634
20200716 06:35, gpu2006, 2, 00000000:D8:00.0,32,8,1, sabramowitz, python3, 414741 415028 415096 415097 415132 442629 442630 442631 442632 442633 442634
20200716 06:40, gpu2006, 0, 00000000:3B:00.0,47,100,18, hothman, pmemd.cuda, 406390 415028 415132 442629 442630 442631 442632 442633 442634
20200716 06:40, gpu2006, 1, 00000000:AF:00.0,32,0,0, sabramowitz, python3, 414741 415028 415096 415097 415132 442629 442630 442631 442632 442633 442634
20200716 06:40, gpu2006, 2, 00000000:D8:00.0,32,1,0, sabramowitz, python3, 414741 415028 415096 415097 415132 442629 442630 442631 442632 442633 442634
20200716 06:45, gpu2006, 0, 00000000:3B:00.0,47,100,18, hothman, pmemd.cuda, 406390 415028 415132 442629 442630 442631 442632 442633 442634
20200716 06:45, gpu2006, 1, 00000000:AF:00.0,32,0,0, sabramowitz, python3, 414741 415028 415096 415097 415132 442629 442630 442631 442632 442633 442634
20200716 06:45, gpu2006, 2, 00000000:D8:00.0,32,0,0, sabramowitz, python3, 414741 415028 415096 415097 415132 442629 442630 442631 442632 442633 442634
20200716 06:50, gpu2006, 0, 00000000:3B:00.0,48,100,24, hothman, pmemd.cuda, 406390 415028 415132 442629 442630 442631 442632 442633 442634
20200716 06:50, gpu2006, 1, 00000000:AF:00.0,32,0,0, sabramowitz, python3, 414741 415028 415096 415097 415132 442629 442630 442631 442632 442633 442634
20200716 06:50, gpu2006, 2, 00000000:D8:00.0,32,0,0, sabramowitz, python3, 414741 415028 415096 415097 415132 442629 442630 442631 442632 442633 442634
20200716 06:55, gpu2006, 0, 00000000:3B:00.0,47,100,19, hothman, pmemd.cuda, 406390 415028 415132 442629 442630 442631 442632 442633 442634
20200716 06:55, gpu2006, 1, 00000000:AF:00.0,32,0,0, sabramowitz, python3, 414741 415028 415096 415097 415132 442629 442630 442631 442632 442633 442634
20200716 06:55, gpu2006, 2, 00000000:D8:00.0,32,0,0, sabramowitz, python3, 414741 415028 415096 415097 415132 442629 442630 442631 442632 442633 442634
20200716 07:00, gpu2006, 0, 00000000:3B:00.0,47,96,24, hothman, pmemd.cuda, 406390 415028 415132 442629 442630 442631 442632 442633 442634
20200716 07:00, gpu2006, 1, 00000000:AF:00.0,32,0,0, sabramowitz, python3, 414741 415028 415096 415097 415132 442629 442630 442631 442632 442633 442634
20200716 07:00, gpu2006, 2, 00000000:D8:00.0,32,0,0, sabramowitz, python3, 414741 415028 415096 415097 415132 442629 442630 442631 442632 442633 442634
20200716 07:05, gpu2006, 0, 00000000:3B:00.0,48,100,35, hothman, pmemd.cuda, 406390 415028 415132 447200 447201 447202 447203 447204 447205
20200716 07:05, gpu2006, 1, 00000000:AF:00.0,32,0,0, sabramowitz, python3, 414741 415028 415096 415097 415132 447200 447201 447202 447203 447204 447205
20200716 07:05, gpu2006, 2, 00000000:D8:00.0,32,0,0, sabramowitz, python3, 414741 415028 415096 415097 415132 447200 447201 447202 447203 447204 447205
20200716 07:10, gpu2006, 0, 00000000:3B:00.0,47,100,18, hothman, pmemd.cuda, 406390 415028 415132 447200 447201 447202 447203 447204 447205
20200716 07:10, gpu2006, 1, 00000000:AF:00.0,32,0,0, sabramowitz, python3, 414741 415028 415096 415097 415132 447200 447201 447202 447203 447204 447205
20200716 07:10, gpu2006, 2, 00000000:D8:00.0,32,0,0, sabramowitz, python3, 414741 415028 415096 415097 415132 447200 447201 447202 447203 447204 447205
20200716 07:15, gpu2006, 0, 00000000:3B:00.0,48,100,30, hothman, pmemd.cuda, 406390 415028 415132 447200 447201 447202 447203 447204 447205
20200716 07:15, gpu2006, 1, 00000000:AF:00.0,32,0,0, sabramowitz, python3, 414741 415028 415096 415097 415132 447200 447201 447202 447203 447204 447205
20200716 07:15, gpu2006, 2, 00000000:D8:00.0,32,0,0, sabramowitz, python3, 414741 415028 415096 415097 415132 447200 447201 447202 447203 447204 447205
20200716 07:20, gpu2006, 0, 00000000:3B:00.0,48,99,27, hothman, pmemd.cuda, 406390 415028 415132 447200 447201 447202 447203 447204 447205
20200716 07:20, gpu2006, 1, 00000000:AF:00.0,32,0,0, sabramowitz, python3, 414741 415028 415096 415097 415132 447200 447201 447202 447203 447204 447205
20200716 07:20, gpu2006, 2, 00000000:D8:00.0,32,0,0, sabramowitz, python3, 414741 415028 415096 415097 415132 447200 447201 447202 447203 447204 447205
20200716 07:25, gpu2006, 0, 00000000:3B:00.0,48,100,34, hothman, pmemd.cuda, 406390 415028 415132 447200 447201 447202 447203 447204 447205
20200716 07:25, gpu2006, 1, 00000000:AF:00.0,32,0,0, sabramowitz, python3, 414741 415028 415096 415097 415132 447200 447201 447202 447203 447204 447205
20200716 07:25, gpu2006, 2, 00000000:D8:00.0,32,0,0, sabramowitz, python3, 414741 415028 415096 415097 415132 447200 447201 447202 447203 447204 447205
20200716 07:30, gpu2006, 0, 00000000:3B:00.0,47,100,34, hothman, pmemd.cuda, 406390 415028 415132 447200 447201 447202 447203 447204 447205
20200716 07:30, gpu2006, 1, 00000000:AF:00.0,32,0,0, sabramowitz, python3, 414741 415028 415096 415097 415132 447200 447201 447202 447203 447204 447205
20200716 07:30, gpu2006, 2, 00000000:D8:00.0,32,1,0, sabramowitz, python3, 414741 415028 415096 415097 415132 447200 447201 447202 447203 447204 447205
20200716 07:35, gpu2006, 0, 00000000:3B:00.0,47,100,18, hothman, pmemd.cuda, 406390 415028 415132 447200 447201 447202 447203 447204 447205
20200716 07:35, gpu2006, 1, 00000000:AF:00.0,32,0,0, sabramowitz, python3, 414741 415028 415096 415097 415132 447200 447201 447202 447203 447204 447205
20200716 07:35, gpu2006, 2, 00000000:D8:00.0,32,1,0, sabramowitz, python3, 414741 415028 415096 415097 415132 447200 447201 447202 447203 447204 447205
20200716 07:40, gpu2006, 0, 00000000:3B:00.0,48,100,23, hothman, pmemd.cuda, 406390 415028 415132 447200 447201 447202 447203 447204 447205
20200716 07:40, gpu2006, 1, 00000000:AF:00.0,32,0,0, sabramowitz, python3, 414741 415028 415096 415097 415132 447200 447201 447202 447203 447204 447205
20200716 07:40, gpu2006, 2, 00000000:D8:00.0,32,0,0, sabramowitz, python3, 414741 415028 415096 415097 415132 447200 447201 447202 447203 447204 447205
20200716 07:45, gpu2006, 0, 00000000:3B:00.0,47,100,25, hothman, pmemd.cuda, 406390 415028 415132 447200 447201 447202 447203 447204 447205
20200716 07:45, gpu2006, 1, 00000000:AF:00.0,32,0,0, sabramowitz, python3, 414741 415028 415096 415097 415132 447200 447201 447202 447203 447204 447205
20200716 07:45, gpu2006, 2, 00000000:D8:00.0,32,0,0, sabramowitz, python3, 414741 415028 415096 415097 415132 447200 447201 447202 447203 447204 447205
20200716 07:50, gpu2006, 0, 00000000:3B:00.0,48,100,32, hothman, pmemd.cuda, 406390 415028 415132 447200 447201 447202 447203 447204 447205
20200716 07:50, gpu2006, 1, 00000000:AF:00.0,32,0,0, sabramowitz, python3, 414741 415028 415096 415097 415132 447200 447201 447202 447203 447204 447205
20200716 07:50, gpu2006, 2, 00000000:D8:00.0,32,0,0, sabramowitz, python3, 414741 415028 415096 415097 415132 447200 447201 447202 447203 447204 447205
20200716 07:55, gpu2006, 0, 00000000:3B:00.0,47,100,19, hothman, pmemd.cuda, 406390 415028 415132 447200 447201 447202 447203 447204 447205
20200716 07:55, gpu2006, 1, 00000000:AF:00.0,32,0,0, sabramowitz, python3, 414741 415028 415096 415097 415132 447200 447201 447202 447203 447204 447205
20200716 07:55, gpu2006, 2, 00000000:D8:00.0,32,1,0, sabramowitz, python3, 414741 415028 415096 415097 415132 447200 447201 447202 447203 447204 447205
20200716 08:00, gpu2006, 0, 00000000:3B:00.0,47,100,19, hothman, pmemd.cuda, 406390 415028 415132 447200 447201 447202 447203 447204 447205
20200716 08:00, gpu2006, 1, 00000000:AF:00.0,32,0,0, sabramowitz, python3, 414741 415028 415096 415097 415132 447200 447201 447202 447203 447204 447205
20200716 08:00, gpu2006, 2, 00000000:D8:00.0,32,1,0, sabramowitz, python3, 414741 415028 415096 415097 415132 447200 447201 447202 447203 447204 447205
20200716 08:05, gpu2006, 0, 00000000:3B:00.0,47,100,25, hothman, pmemd.cuda, 406390 415028 415132 451774 451775 451776 451777 451778 451779
20200716 08:05, gpu2006, 1, 00000000:AF:00.0,32,0,0, sabramowitz, python3, 414741 415028 415096 415097 415132 451774 451775 451776 451777 451778 451779
20200716 08:05, gpu2006, 2, 00000000:D8:00.0,32,0,0, sabramowitz, python3, 414741 415028 415096 415097 415132 451774 451775 451776 451777 451778 451779
20200716 08:10, gpu2006, 0, 00000000:3B:00.0,47,100,25, hothman, pmemd.cuda, 406390 415028 415132 451774 451775 451776 451777 451778 451779
20200716 08:10, gpu2006, 1, 00000000:AF:00.0,32,0,0, sabramowitz, python3, 414741 415028 415096 415097 415132 451774 451775 451776 451777 451778 451779
20200716 08:10, gpu2006, 2, 00000000:D8:00.0,32,1,0, sabramowitz, python3, 414741 415028 415096 415097 415132 451774 451775 451776 451777 451778 451779
20200716 08:15, gpu2006, 0, 00000000:3B:00.0,47,100,19, hothman, pmemd.cuda, 406390 415028 415132 451774 451775 451776 451777 451778 451779
20200716 08:15, gpu2006, 1, 00000000:AF:00.0,32,0,0, sabramowitz, python3, 414741 415028 415096 415097 415132 451774 451775 451776 451777 451778 451779
20200716 08:15, gpu2006, 2, 00000000:D8:00.0,32,0,0, sabramowitz, python3, 414741 415028 415096 415097 415132 451774 451775 451776 451777 451778 451779
20200716 08:20, gpu2006, 0, 00000000:3B:00.0,47,100,25, hothman, pmemd.cuda, 406390 415028 415132 451774 451775 451776 451777 451778 451779
20200716 08:20, gpu2006, 1, 00000000:AF:00.0,32,0,0, sabramowitz, python3, 414741 415028 415096 415097 415132 451774 451775 451776 451777 451778 451779
20200716 08:20, gpu2006, 2, 00000000:D8:00.0,32,0,0, sabramowitz, python3, 414741 415028 415096 415097 415132 451774 451775 451776 451777 451778 451779
20200716 08:25, gpu2006, 0, 00000000:3B:00.0,48,100,35, hothman, pmemd.cuda, 406390 415028 415132 451774 451775 451776 451777 451778 451779
20200716 08:25, gpu2006, 1, 00000000:AF:00.0,32,1,0, sabramowitz, python3, 414741 415028 415096 415097 415132 451774 451775 451776 451777 451778 451779
20200716 08:25, gpu2006, 2, 00000000:D8:00.0,32,0,0, sabramowitz, python3, 414741 415028 415096 415097 415132 451774 451775 451776 451777 451778 451779
20200716 08:30, gpu2006, 0, 00000000:3B:00.0,47,100,19, hothman, pmemd.cuda, 406390 415028 415132 451774 451775 451776 451777 451778 451779
20200716 08:30, gpu2006, 1, 00000000:AF:00.0,32,0,0, sabramowitz, python3, 414741 415028 415096 415097 415132 451774 451775 451776 451777 451778 451779
20200716 08:30, gpu2006, 2, 00000000:D8:00.0,32,0,0, sabramowitz, python3, 414741 415028 415096 415097 415132 451774 451775 451776 451777 451778 451779
20200716 08:35, gpu2006, 0, 00000000:3B:00.0,47,100,19, hothman, pmemd.cuda, 406390 415028 415132 451774 451775 451776 451777 451778 451779
20200716 08:35, gpu2006, 1, 00000000:AF:00.0,32,0,0, sabramowitz, python3, 414741 415028 415096 415097 415132 451774 451775 451776 451777 451778 451779
20200716 08:35, gpu2006, 2, 00000000:D8:00.0,32,0,0, sabramowitz, python3, 414741 415028 415096 415097 415132 451774 451775 451776 451777 451778 451779
20200716 08:40, gpu2006, 0, 00000000:3B:00.0,48,100,25, hothman, pmemd.cuda, 406390 415028 415132 451774 451775 451776 451777 451778 451779
20200716 08:40, gpu2006, 1, 00000000:AF:00.0,32,8,1, sabramowitz, python3, 414741 415028 415096 415097 415132 451774 451775 451776 451777 451778 451779
20200716 08:40, gpu2006, 2, 00000000:D8:00.0,32,0,0, sabramowitz, python3, 414741 415028 415096 415097 415132 451774 451775 451776 451777 451778 451779
20200716 08:45, gpu2006, 0, 00000000:3B:00.0,47,100,18, hothman, pmemd.cuda, 406390 415028 415132 451774 451775 451776 451777 451778 451779
20200716 08:45, gpu2006, 1, 00000000:AF:00.0,32,0,0, sabramowitz, python3, 414741 415028 415096 415097 415132 451774 451775 451776 451777 451778 451779
20200716 08:45, gpu2006, 2, 00000000:D8:00.0,32,0,0, sabramowitz, python3, 414741 415028 415096 415097 415132 451774 451775 451776 451777 451778 451779
20200716 08:50, gpu2006, 0, 00000000:3B:00.0,47,100,19, hothman, pmemd.cuda, 406390 415028 415132 451774 451775 451776 451777 451778 451779
20200716 08:50, gpu2006, 1, 00000000:AF:00.0,32,0,0, sabramowitz, python3, 414741 415028 415096 415097 415132 451774 451775 451776 451777 451778 451779
20200716 08:50, gpu2006, 2, 00000000:D8:00.0,32,0,0, sabramowitz, python3, 414741 415028 415096 415097 415132 451774 451775 451776 451777 451778 451779
20200716 08:55, gpu2006, 0, 00000000:3B:00.0,47,100,18, hothman, pmemd.cuda, 406390 415028 415132 451774 451775 451776 451777 451778 451779
20200716 08:55, gpu2006, 1, 00000000:AF:00.0,32,0,0, sabramowitz, python3, 414741 415028 415096 415097 415132 451774 451775 451776 451777 451778 451779
20200716 08:55, gpu2006, 2, 00000000:D8:00.0,32,1,0, sabramowitz, python3, 414741 415028 415096 415097 415132 451774 451775 451776 451777 451778 451779
20200716 09:00, gpu2006, 0, 00000000:3B:00.0,48,98,30, hothman, pmemd.cuda, 406390 415028 415132 456188 456189 456190 456191 456192 456193
20200716 09:00, gpu2006, 1, 00000000:AF:00.0,32,1,0, sabramowitz, python3, 414741 415028 415096 415097 415132 456188 456189 456190 456191 456192 456193
20200716 09:00, gpu2006, 2, 00000000:D8:00.0,32,0,0, sabramowitz, python3, 414741 415028 415096 415097 415132 456188 456189 456190 456191 456192 456193
20200716 09:05, gpu2006, 0, 00000000:3B:00.0,47,98,18, hothman, pmemd.cuda, 406390 415028 415132 456188 456189 456190 456191 456192 456193
20200716 09:05, gpu2006, 1, 00000000:AF:00.0,32,1,0, sabramowitz, python3, 414741 415028 415096 415097 415132 456188 456189 456190 456191 456192 456193
20200716 09:05, gpu2006, 2, 00000000:D8:00.0,31,0,0, sabramowitz, python3, 414741 415028 415096 415097 415132 456188 456189 456190 456191 456192 456193
20200716 09:10, gpu2006, 0, 00000000:3B:00.0,47,98,25, hothman, pmemd.cuda, 406390 415028 415132 456188 456189 456190 456191 456192 456193
20200716 09:10, gpu2006, 1, 00000000:AF:00.0,32,0,0, sabramowitz, python3, 414741 415028 415096 415097 415132 456188 456189 456190 456191 456192 456193
20200716 09:10, gpu2006, 2, 00000000:D8:00.0,32,0,0, sabramowitz, python3, 414741 415028 415096 415097 415132 456188 456189 456190 456191 456192 456193
20200716 09:15, gpu2006, 0, 00000000:3B:00.0,47,94,17, hothman, pmemd.cuda, 406390 415028 415132 456188 456189 456190 456191 456192 456193
20200716 09:15, gpu2006, 1, 00000000:AF:00.0,32,0,0, sabramowitz, python3, 414741 415028 415096 415097 415132 456188 456189 456190 456191 456192 456193
20200716 09:15, gpu2006, 2, 00000000:D8:00.0,32,0,0, sabramowitz, python3, 414741 415028 415096 415097 415132 456188 456189 456190 456191 456192 456193
20200716 09:20, gpu2006, 0, 00000000:3B:00.0,48,100,26, hothman, pmemd.cuda, 406390 415028 415132 456188 456189 456190 456191 456192 456193
20200716 09:20, gpu2006, 1, 00000000:AF:00.0,32,14,2, sabramowitz, python3, 414741 415028 415096 415097 415132 456188 456189 456190 456191 456192 456193
20200716 09:20, gpu2006, 2, 00000000:D8:00.0,32,0,0, sabramowitz, python3, 414741 415028 415096 415097 415132 456188 456189 456190 456191 456192 456193
20200716 09:25, gpu2006, 0, 00000000:3B:00.0,48,100,35, hothman, pmemd.cuda, 406390 415028 415132 456188 456189 456190 456191 456192 456193
20200716 09:25, gpu2006, 1, 00000000:AF:00.0,32,0,0, sabramowitz, python3, 414741 415028 415096 415097 415132 456188 456189 456190 456191 456192 456193
20200716 09:25, gpu2006, 2, 00000000:D8:00.0,32,0,0, sabramowitz, python3, 414741 415028 415096 415097 415132 456188 456189 456190 456191 456192 456193
20200716 09:30, gpu2006, 0, 00000000:3B:00.0,48,100,19, hothman, pmemd.cuda, 406390 415028 415132 456188 456189 456190 456191 456192 456193
20200716 09:30, gpu2006, 1, 00000000:AF:00.0,32,0,0, sabramowitz, python3, 414741 415028 415096 415097 415132 456188 456189 456190 456191 456192 456193
20200716 09:30, gpu2006, 2, 00000000:D8:00.0,32,0,0, sabramowitz, python3, 414741 415028 415096 415097 415132 456188 456189 456190 456191 456192 456193
20200716 09:35, gpu2006, 0, 00000000:3B:00.0,47,100,25, hothman, pmemd.cuda, 406390 415028 415132 456188 456189 456190 456191 456192 456193
20200716 09:35, gpu2006, 1, 00000000:AF:00.0,32,0,0, sabramowitz, python3, 414741 415028 415096 415097 415132 456188 456189 456190 456191 456192 456193
20200716 09:35, gpu2006, 2, 00000000:D8:00.0,32,0,0, sabramowitz, python3, 414741 415028 415096 415097 415132 456188 456189 456190 456191 456192 456193
20200716 09:40, gpu2006, 0, 00000000:3B:00.0,48,100,28, hothman, pmemd.cuda, 406390 415028 415132 456188 456189 456190 456191 456192 456193
20200716 09:40, gpu2006, 1, 00000000:AF:00.0,32,0,0, sabramowitz, python3, 414741 415028 415096 415097 415132 456188 456189 456190 456191 456192 456193
20200716 09:40, gpu2006, 2, 00000000:D8:00.0,32,0,0, sabramowitz, python3, 414741 415028 415096 415097 415132 456188 456189 456190 456191 456192 456193
20200716 09:45, gpu2006, 0, 00000000:3B:00.0,47,100,19, hothman, pmemd.cuda, 406390 415028 415132 456188 456189 456190 456191 456192 456193
20200716 09:45, gpu2006, 1, 00000000:AF:00.0,32,0,0, sabramowitz, python3, 414741 415028 415096 415097 415132 456188 456189 456190 456191 456192 456193
20200716 09:45, gpu2006, 2, 00000000:D8:00.0,32,0,0, sabramowitz, python3, 414741 415028 415096 415097 415132 456188 456189 456190 456191 456192 456193
20200716 09:50, gpu2006, 0, 00000000:3B:00.0,47,99,23, hothman, pmemd.cuda, 406390 415028 415132 456188 456189 456190 456191 456192 456193
20200716 09:50, gpu2006, 1, 00000000:AF:00.0,32,0,0, sabramowitz, python3, 414741 415028 415096 415097 415132 456188 456189 456190 456191 456192 456193
20200716 09:50, gpu2006, 2, 00000000:D8:00.0,32,3,0, sabramowitz, python3, 414741 415028 415096 415097 415132 456188 456189 456190 456191 456192 456193
20200716 09:55, gpu2006, 0, 00000000:3B:00.0,47,100,19, hothman, pmemd.cuda, 406390 415028 415132 456188 456189 456190 456191 456192 456193
20200716 09:55, gpu2006, 1, 00000000:AF:00.0,32,2,0, sabramowitz, python3, 414741 415028 415096 415097 415132 456188 456189 456190 456191 456192 456193
20200716 09:55, gpu2006, 2, 00000000:D8:00.0,32,3,0, sabramowitz, python3, 414741 415028 415096 415097 415132 456188 456189 456190 456191 456192 456193
20200716 10:00, gpu2006, 0, 00000000:3B:00.0,47,100,18, kweiher, python, 2534 2535 2536 2537 2538 2539 406390 415028 415132
20200716 10:00, gpu2006, 1, 00000000:AF:00.0,32,0,0, kweiher, python, 2534 2535 2536 2537 2538 2539 414741 415028 415096 415097 415132
20200716 10:00, gpu2006, 2, 00000000:D8:00.0,32,0,0, kweiher, python, 2534 2535 2536 2537 2538 2539 414741 415028 415096 415097 415132
20200716 10:05, gpu2006, 0, 00000000:3B:00.0,47,94,22, kweiher, python, 2534 2535 2536 2537 2538 2539 406390 415028 415132
20200716 10:05, gpu2006, 1, 00000000:AF:00.0,32,1,0, kweiher, python, 2534 2535 2536 2537 2538 2539 414741 415028 415096 415097 415132
20200716 10:05, gpu2006, 2, 00000000:D8:00.0,32,0,0, kweiher, python, 2534 2535 2536 2537 2538 2539 414741 415028 415096 415097 415132
20200716 10:10, gpu2006, 0, 00000000:3B:00.0,47,100,25, kweiher, python, 2534 2535 2536 2537 2538 2539 406390 415028 415132
20200716 10:10, gpu2006, 1, 00000000:AF:00.0,31,0,0, kweiher, python, 2534 2535 2536 2537 2538 2539 415028 415132
20200716 10:10, gpu2006, 2, 00000000:D8:00.0,31,0,0, kweiher, python, 2534 2535 2536 2537 2538 2539 415028 415132
20200716 10:15, gpu2006, 0, 00000000:3B:00.0,48,100,23, kweiher, python, 2534 2535 2536 2537 2538 2539 406390 415028 415132
20200716 10:15, gpu2006, 1, 00000000:AF:00.0,31,0,0, kweiher, python, 2534 2535 2536 2537 2538 2539 415028 415132
20200716 10:15, gpu2006, 2, 00000000:D8:00.0,31,0,0, kweiher, python, 2534 2535 2536 2537 2538 2539 415028 415132
20200716 10:20, gpu2006, 0, 00000000:3B:00.0,46,71,30, kweiher, python, 2534 2535 2536 2537 2538 2539 415028 415132
20200716 10:20, gpu2006, 1, 00000000:AF:00.0,31,0,0, kweiher, python, 2534 2535 2536 2537 2538 2539 415028 415132
20200716 10:20, gpu2006, 2, 00000000:D8:00.0,31,0,0, kweiher, python, 2534 2535 2536 2537 2538 2539 415028 415132
20200716 10:25, gpu2006, 0, 00000000:3B:00.0,46,70,32, kweiher, python, 2534 2535 2536 2537 2538 2539 415028 415132
20200716 10:25, gpu2006, 1, 00000000:AF:00.0,30,0,0, kweiher, python, 2534 2535 2536 2537 2538 2539 415028 415132
20200716 10:25, gpu2006, 2, 00000000:D8:00.0,30,0,0, kweiher, python, 2534 2535 2536 2537 2538 2539 415028 415132
20200716 10:30, gpu2006, 0, 00000000:3B:00.0,46,92,39, kweiher, python, 4930 4931 4932 4933 4934 4935 415028 415132
20200716 10:30, gpu2006, 1, 00000000:AF:00.0,31,0,0, kweiher, python, 4930 4931 4932 4933 4934 4935 415028 415132
20200716 10:30, gpu2006, 2, 00000000:D8:00.0,31,0,0, kweiher, python, 4930 4931 4932 4933 4934 4935 415028 415132
20200716 10:35, gpu2006, 0, 00000000:3B:00.0,46,72,28, kweiher, python, 4930 4931 4932 4933 4934 4935 415028 415132
20200716 10:35, gpu2006, 1, 00000000:AF:00.0,31,0,0, kweiher, python, 4930 4931 4932 4933 4934 4935 415028 415132
20200716 10:35, gpu2006, 2, 00000000:D8:00.0,30,0,0, kweiher, python, 4930 4931 4932 4933 4934 4935 415028 415132
20200716 10:40, gpu2006, 0, 00000000:3B:00.0,46,87,37, kweiher, python, 4930 4931 4932 4933 4934 4935 415028 415132
20200716 10:40, gpu2006, 1, 00000000:AF:00.0,31,0,0, kweiher, python, 4930 4931 4932 4933 4934 4935 415028 415132
20200716 10:40, gpu2006, 2, 00000000:D8:00.0,31,0,0, kweiher, python, 4930 4931 4932 4933 4934 4935 415028 415132
20200716 10:45, gpu2006, 0, 00000000:3B:00.0,47,73,33, kweiher, python, 6160 6161 6162 6163 6164 6165 415028 415132
20200716 10:45, gpu2006, 1, 00000000:AF:00.0,31,0,0, kweiher, python, 6160 6161 6162 6163 6164 6165 415028 415132
20200716 10:45, gpu2006, 2, 00000000:D8:00.0,31,0,0, kweiher, python, 6160 6161 6162 6163 6164 6165 415028 415132
20200716 10:50, gpu2006, 0, 00000000:3B:00.0,48,73,33, kweiher, python, 6160 6161 6162 6163 6164 6165 415028 415132
20200716 10:50, gpu2006, 1, 00000000:AF:00.0,30,0,0, kweiher, python, 6160 6161 6162 6163 6164 6165 415028 415132
20200716 10:50, gpu2006, 2, 00000000:D8:00.0,31,0,0, kweiher, python, 6160 6161 6162 6163 6164 6165 415028 415132
20200716 10:55, gpu2006, 0, 00000000:3B:00.0,48,54,22, kweiher, python, 6160 6161 6162 6163 6164 6165 415028 415132
20200716 10:55, gpu2006, 1, 00000000:AF:00.0,31,0,0, kweiher, python, 6160 6161 6162 6163 6164 6165 415028 415132
20200716 10:55, gpu2006, 2, 00000000:D8:00.0,31,0,0, kweiher, python, 6160 6161 6162 6163 6164 6165 415028 415132
20200716 11:00, gpu2006, 0, 00000000:3B:00.0,47,64,27, kweiher, python, 7345 7346 7347 7348 7349 7350 415028 415132
20200716 11:00, gpu2006, 1, 00000000:AF:00.0,30,0,0, kweiher, python, 7345 7346 7347 7348 7349 7350 415028 415132
20200716 11:00, gpu2006, 2, 00000000:D8:00.0,30,0,0, kweiher, python, 7345 7346 7347 7348 7349 7350 415028 415132
20200716 11:05, gpu2006, 0, 00000000:3B:00.0,47,92,40, kweiher, python, 7345 7346 7347 7348 7349 7350 415028 415132
20200716 11:05, gpu2006, 1, 00000000:AF:00.0,31,0,0, kweiher, python, 7345 7346 7347 7348 7349 7350 415028 415132
20200716 11:05, gpu2006, 2, 00000000:D8:00.0,31,0,0, kweiher, python, 7345 7346 7347 7348 7349 7350 415028 415132
20200716 11:10, gpu2006, 0, 00000000:3B:00.0,35,0,0, null, null, null
20200716 11:10, gpu2006, 1, 00000000:AF:00.0,30,0,0, null, null, null
20200716 11:10, gpu2006, 2, 00000000:D8:00.0,30,0,0, null, null, null
20200716 11:15, gpu2006, 0, 00000000:3B:00.0,44,95,14, osoremekun, pmemd.cuda, 8733
20200716 11:15, gpu2006, 1, 00000000:AF:00.0,43,94,10, osoremekun, pmemd.cuda, 8880
20200716 11:15, gpu2006, 2, 00000000:D8:00.0,31,0,0, null, null, null
20200716 11:20, gpu2006, 0, 00000000:3B:00.0,44,89,13, osoremekun, pmemd.cuda, 8733
20200716 11:20, gpu2006, 1, 00000000:AF:00.0,43,94,10, osoremekun, pmemd.cuda, 8880
20200716 11:20, gpu2006, 2, 00000000:D8:00.0,46,90,14, aadewumi1, pmemd.cuda.MPI, 9248
20200716 11:25, gpu2006, 0, 00000000:3B:00.0,45,95,14, osoremekun, pmemd.cuda, 8733
20200716 11:25, gpu2006, 1, 00000000:AF:00.0,43,89,9, osoremekun, pmemd.cuda, 8880
20200716 11:25, gpu2006, 2, 00000000:D8:00.0,46,96,15, aadewumi1, pmemd.cuda.MPI, 9248
20200716 11:30, gpu2006, 0, 00000000:3B:00.0,44,88,13, osoremekun, pmemd.cuda, 8733
20200716 11:30, gpu2006, 1, 00000000:AF:00.0,43,90,9, osoremekun, pmemd.cuda, 8880
20200716 11:30, gpu2006, 2, 00000000:D8:00.0,46,88,14, aadewumi1, pmemd.cuda.MPI, 9248
20200716 11:35, gpu2006, 0, 00000000:3B:00.0,44,95,14, osoremekun, pmemd.cuda, 8733
20200716 11:35, gpu2006, 1, 00000000:AF:00.0,43,94,10, osoremekun, pmemd.cuda, 8880
20200716 11:35, gpu2006, 2, 00000000:D8:00.0,46,96,15, aadewumi1, pmemd.cuda.MPI, 9248
20200716 11:40, gpu2006, 0, 00000000:3B:00.0,45,95,14, osoremekun, pmemd.cuda, 8733
20200716 11:40, gpu2006, 1, 00000000:AF:00.0,43,89,9, osoremekun, pmemd.cuda, 8880
20200716 11:40, gpu2006, 2, 00000000:D8:00.0,46,96,15, aadewumi1, pmemd.cuda.MPI, 9248
20200716 11:45, gpu2006, 0, 00000000:3B:00.0,45,95,14, osoremekun, pmemd.cuda, 8733
20200716 11:45, gpu2006, 1, 00000000:AF:00.0,44,92,10, osoremekun, pmemd.cuda, 8880
20200716 11:45, gpu2006, 2, 00000000:D8:00.0,46,96,15, aadewumi1, pmemd.cuda.MPI, 9248
20200716 11:50, gpu2006, 0, 00000000:3B:00.0,45,95,14, osoremekun, pmemd.cuda, 8733
20200716 11:50, gpu2006, 1, 00000000:AF:00.0,43,94,10, osoremekun, pmemd.cuda, 8880
20200716 11:50, gpu2006, 2, 00000000:D8:00.0,46,90,14, aadewumi1, pmemd.cuda.MPI, 9248
20200716 11:55, gpu2006, 0, 00000000:3B:00.0,41,0,0, osoremekun, pmemd.cuda, 8733
20200716 11:55, gpu2006, 1, 00000000:AF:00.0,44,90,9, osoremekun, pmemd.cuda, 8880
20200716 11:55, gpu2006, 2, 00000000:D8:00.0,46,96,15, aadewumi1, pmemd.cuda.MPI, 9248
20200716 12:00, gpu2006, 0, 00000000:3B:00.0,45,95,14, osoremekun, pmemd.cuda, 8733
20200716 12:00, gpu2006, 1, 00000000:AF:00.0,44,94,10, osoremekun, pmemd.cuda, 8880
20200716 12:00, gpu2006, 2, 00000000:D8:00.0,46,96,15, aadewumi1, pmemd.cuda.MPI, 9248
20200716 12:05, gpu2006, 0, 00000000:3B:00.0,44,89,13, osoremekun, pmemd.cuda, 8733
20200716 12:05, gpu2006, 1, 00000000:AF:00.0,43,88,9, osoremekun, pmemd.cuda, 8880
20200716 12:05, gpu2006, 2, 00000000:D8:00.0,46,96,15, aadewumi1, pmemd.cuda.MPI, 9248
20200716 12:10, gpu2006, 0, 00000000:3B:00.0,45,95,14, osoremekun, pmemd.cuda, 8733
20200716 12:10, gpu2006, 1, 00000000:AF:00.0,44,89,9, osoremekun, pmemd.cuda, 8880
20200716 12:10, gpu2006, 2, 00000000:D8:00.0,46,96,15, aadewumi1, pmemd.cuda.MPI, 9248
20200716 12:15, gpu2006, 0, 00000000:3B:00.0,44,95,14, osoremekun, pmemd.cuda, 8733
20200716 12:15, gpu2006, 1, 00000000:AF:00.0,44,94,10, osoremekun, pmemd.cuda, 8880
20200716 12:15, gpu2006, 2, 00000000:D8:00.0,46,96,15, aadewumi1, pmemd.cuda.MPI, 9248
20200716 12:20, gpu2006, 0, 00000000:3B:00.0,44,89,13, osoremekun, pmemd.cuda, 8733
20200716 12:20, gpu2006, 1, 00000000:AF:00.0,43,88,9, osoremekun, pmemd.cuda, 8880
20200716 12:20, gpu2006, 2, 00000000:D8:00.0,46,96,15, aadewumi1, pmemd.cuda.MPI, 9248
20200716 12:25, gpu2006, 0, 00000000:3B:00.0,45,95,14, osoremekun, pmemd.cuda, 8733
20200716 12:25, gpu2006, 1, 00000000:AF:00.0,44,89,9, osoremekun, pmemd.cuda, 8880
20200716 12:25, gpu2006, 2, 00000000:D8:00.0,46,88,14, aadewumi1, pmemd.cuda.MPI, 9248
20200716 12:30, gpu2006, 0, 00000000:3B:00.0,45,95,14, osoremekun, pmemd.cuda, 8733
20200716 12:30, gpu2006, 1, 00000000:AF:00.0,44,90,10, osoremekun, pmemd.cuda, 8880
20200716 12:30, gpu2006, 2, 00000000:D8:00.0,46,96,15, aadewumi1, pmemd.cuda.MPI, 9248
20200716 12:35, gpu2006, 0, 00000000:3B:00.0,45,88,13, osoremekun, pmemd.cuda, 8733
20200716 12:35, gpu2006, 1, 00000000:AF:00.0,43,94,10, osoremekun, pmemd.cuda, 8880
20200716 12:35, gpu2006, 2, 00000000:D8:00.0,46,96,15, aadewumi1, pmemd.cuda.MPI, 9248
20200716 12:40, gpu2006, 0, 00000000:3B:00.0,44,95,14, osoremekun, pmemd.cuda, 8733
20200716 12:40, gpu2006, 1, 00000000:AF:00.0,43,94,10, osoremekun, pmemd.cuda, 8880
20200716 12:40, gpu2006, 2, 00000000:D8:00.0,46,96,15, aadewumi1, pmemd.cuda.MPI, 9248
20200716 12:45, gpu2006, 0, 00000000:3B:00.0,44,95,14, osoremekun, pmemd.cuda, 8733
20200716 12:45, gpu2006, 1, 00000000:AF:00.0,43,94,10, osoremekun, pmemd.cuda, 8880
20200716 12:45, gpu2006, 2, 00000000:D8:00.0,46,89,14, aadewumi1, pmemd.cuda.MPI, 9248
20200716 12:50, gpu2006, 0, 00000000:3B:00.0,45,88,13, osoremekun, pmemd.cuda, 8733
20200716 12:50, gpu2006, 1, 00000000:AF:00.0,44,89,9, osoremekun, pmemd.cuda, 8880
20200716 12:50, gpu2006, 2, 00000000:D8:00.0,46,96,15, aadewumi1, pmemd.cuda.MPI, 9248
20200716 12:55, gpu2006, 0, 00000000:3B:00.0,45,87,13, osoremekun, pmemd.cuda, 8733
20200716 12:55, gpu2006, 1, 00000000:AF:00.0,44,94,10, osoremekun, pmemd.cuda, 8880
20200716 12:55, gpu2006, 2, 00000000:D8:00.0,46,96,15, aadewumi1, pmemd.cuda.MPI, 9248
20200716 13:00, gpu2006, 0, 00000000:3B:00.0,44,88,13, osoremekun, pmemd.cuda, 8733
20200716 13:00, gpu2006, 1, 00000000:AF:00.0,44,90,10, osoremekun, pmemd.cuda, 8880
20200716 13:00, gpu2006, 2, 00000000:D8:00.0,46,96,15, aadewumi1, pmemd.cuda.MPI, 9248
20200716 13:05, gpu2006, 0, 00000000:3B:00.0,45,95,14, osoremekun, pmemd.cuda, 8733
20200716 13:05, gpu2006, 1, 00000000:AF:00.0,44,89,9, osoremekun, pmemd.cuda, 8880
20200716 13:05, gpu2006, 2, 00000000:D8:00.0,46,96,15, aadewumi1, pmemd.cuda.MPI, 9248
20200716 13:10, gpu2006, 0, 00000000:3B:00.0,44,89,13, osoremekun, pmemd.cuda, 8733
20200716 13:10, gpu2006, 1, 00000000:AF:00.0,44,89,10, osoremekun, pmemd.cuda, 8880
20200716 13:10, gpu2006, 2, 00000000:D8:00.0,46,96,15, aadewumi1, pmemd.cuda.MPI, 9248
20200716 13:15, gpu2006, 0, 00000000:3B:00.0,45,95,14, osoremekun, pmemd.cuda, 8733
20200716 13:15, gpu2006, 1, 00000000:AF:00.0,43,94,10, osoremekun, pmemd.cuda, 8880
20200716 13:15, gpu2006, 2, 00000000:D8:00.0,46,96,15, aadewumi1, pmemd.cuda.MPI, 9248
20200716 13:20, gpu2006, 0, 00000000:3B:00.0,44,95,14, osoremekun, pmemd.cuda, 8733
20200716 13:20, gpu2006, 1, 00000000:AF:00.0,43,94,10, osoremekun, pmemd.cuda, 8880
20200716 13:20, gpu2006, 2, 00000000:D8:00.0,46,96,15, aadewumi1, pmemd.cuda.MPI, 9248
20200716 13:25, gpu2006, 0, 00000000:3B:00.0,45,88,13, osoremekun, pmemd.cuda, 8733
20200716 13:25, gpu2006, 1, 00000000:AF:00.0,43,94,10, osoremekun, pmemd.cuda, 8880
20200716 13:25, gpu2006, 2, 00000000:D8:00.0,46,96,15, aadewumi1, pmemd.cuda.MPI, 9248
20200716 13:30, gpu2006, 0, 00000000:3B:00.0,44,95,14, osoremekun, pmemd.cuda, 8733
20200716 13:30, gpu2006, 1, 00000000:AF:00.0,43,94,10, osoremekun, pmemd.cuda, 8880
20200716 13:30, gpu2006, 2, 00000000:D8:00.0,46,95,15, aadewumi1, pmemd.cuda.MPI, 9248
20200716 13:35, gpu2006, 0, 00000000:3B:00.0,44,95,14, osoremekun, pmemd.cuda, 8733
20200716 13:35, gpu2006, 1, 00000000:AF:00.0,43,94,10, osoremekun, pmemd.cuda, 8880
20200716 13:35, gpu2006, 2, 00000000:D8:00.0,46,88,14, aadewumi1, pmemd.cuda.MPI, 9248
20200716 13:40, gpu2006, 0, 00000000:3B:00.0,45,88,13, osoremekun, pmemd.cuda, 8733
20200716 13:40, gpu2006, 1, 00000000:AF:00.0,44,94,10, osoremekun, pmemd.cuda, 8880
20200716 13:40, gpu2006, 2, 00000000:D8:00.0,46,90,14, aadewumi1, pmemd.cuda.MPI, 9248
20200716 13:45, gpu2006, 0, 00000000:3B:00.0,44,89,14, osoremekun, pmemd.cuda, 8733
20200716 13:45, gpu2006, 1, 00000000:AF:00.0,43,88,9, osoremekun, pmemd.cuda, 8880
20200716 13:45, gpu2006, 2, 00000000:D8:00.0,46,89,14, aadewumi1, pmemd.cuda.MPI, 9248
20200716 13:50, gpu2006, 0, 00000000:3B:00.0,44,95,15, osoremekun, pmemd.cuda, 8733
20200716 13:50, gpu2006, 1, 00000000:AF:00.0,43,94,10, osoremekun, pmemd.cuda, 8880
20200716 13:50, gpu2006, 2, 00000000:D8:00.0,46,89,14, aadewumi1, pmemd.cuda.MPI, 9248
20200716 13:55, gpu2006, 0, 00000000:3B:00.0,45,95,14, osoremekun, pmemd.cuda, 8733
20200716 13:55, gpu2006, 1, 00000000:AF:00.0,43,94,10, osoremekun, pmemd.cuda, 8880
20200716 13:55, gpu2006, 2, 00000000:D8:00.0,46,90,14, aadewumi1, pmemd.cuda.MPI, 9248
20200716 14:00, gpu2006, 0, 00000000:3B:00.0,44,95,14, osoremekun, pmemd.cuda, 8733
20200716 14:00, gpu2006, 1, 00000000:AF:00.0,43,94,10, osoremekun, pmemd.cuda, 8880
20200716 14:00, gpu2006, 2, 00000000:D8:00.0,46,89,14, aadewumi1, pmemd.cuda.MPI, 9248
20200716 14:05, gpu2006, 0, 00000000:3B:00.0,45,89,14, osoremekun, pmemd.cuda, 8733
20200716 14:05, gpu2006, 1, 00000000:AF:00.0,45,89,9, osoremekun, pmemd.cuda, 8880
20200716 14:05, gpu2006, 2, 00000000:D8:00.0,47,89,14, aadewumi1, pmemd.cuda.MPI, 9248
20200716 14:10, gpu2006, 0, 00000000:3B:00.0,44,95,15, osoremekun, pmemd.cuda, 8733
20200716 14:10, gpu2006, 1, 00000000:AF:00.0,44,90,10, osoremekun, pmemd.cuda, 8880
20200716 14:10, gpu2006, 2, 00000000:D8:00.0,45,96,15, aadewumi1, pmemd.cuda.MPI, 9248
20200716 14:15, gpu2006, 0, 00000000:3B:00.0,45,95,14, osoremekun, pmemd.cuda, 8733
20200716 14:15, gpu2006, 1, 00000000:AF:00.0,44,94,10, osoremekun, pmemd.cuda, 8880
20200716 14:15, gpu2006, 2, 00000000:D8:00.0,47,89,14, aadewumi1, pmemd.cuda.MPI, 9248
20200716 14:20, gpu2006, 0, 00000000:3B:00.0,44,89,13, osoremekun, pmemd.cuda, 8733
20200716 14:20, gpu2006, 1, 00000000:AF:00.0,44,94,10, osoremekun, pmemd.cuda, 8880
20200716 14:20, gpu2006, 2, 00000000:D8:00.0,46,90,14, aadewumi1, pmemd.cuda.MPI, 9248
20200716 14:25, gpu2006, 0, 00000000:3B:00.0,44,95,14, osoremekun, pmemd.cuda, 8733
20200716 14:25, gpu2006, 1, 00000000:AF:00.0,43,94,10, osoremekun, pmemd.cuda, 8880
20200716 14:25, gpu2006, 2, 00000000:D8:00.0,46,96,15, aadewumi1, pmemd.cuda.MPI, 9248
20200716 14:30, gpu2006, 0, 00000000:3B:00.0,44,91,14, osoremekun, pmemd.cuda, 8733
20200716 14:30, gpu2006, 1, 00000000:AF:00.0,43,89,9, osoremekun, pmemd.cuda, 8880
20200716 14:30, gpu2006, 2, 00000000:D8:00.0,46,89,14, aadewumi1, pmemd.cuda.MPI, 9248
20200716 14:35, gpu2006, 0, 00000000:3B:00.0,45,95,15, osoremekun, pmemd.cuda, 8733
20200716 14:35, gpu2006, 1, 00000000:AF:00.0,43,90,9, osoremekun, pmemd.cuda, 8880
20200716 14:35, gpu2006, 2, 00000000:D8:00.0,46,96,15, aadewumi1, pmemd.cuda.MPI, 9248
20200716 14:40, gpu2006, 0, 00000000:3B:00.0,45,88,13, osoremekun, pmemd.cuda, 8733
20200716 14:40, gpu2006, 1, 00000000:AF:00.0,43,94,10, osoremekun, pmemd.cuda, 8880
20200716 14:40, gpu2006, 2, 00000000:D8:00.0,47,96,15, aadewumi1, pmemd.cuda.MPI, 9248
20200716 14:45, gpu2006, 0, 00000000:3B:00.0,44,88,13, osoremekun, pmemd.cuda, 8733
20200716 14:45, gpu2006, 1, 00000000:AF:00.0,43,94,10, osoremekun, pmemd.cuda, 8880
20200716 14:45, gpu2006, 2, 00000000:D8:00.0,46,89,14, aadewumi1, pmemd.cuda.MPI, 9248
20200716 14:50, gpu2006, 0, 00000000:3B:00.0,44,95,14, osoremekun, pmemd.cuda, 8733
20200716 14:50, gpu2006, 1, 00000000:AF:00.0,43,90,9, osoremekun, pmemd.cuda, 8880
20200716 14:50, gpu2006, 2, 00000000:D8:00.0,46,89,14, aadewumi1, pmemd.cuda.MPI, 9248
20200716 14:55, gpu2006, 0, 00000000:3B:00.0,44,88,13, osoremekun, pmemd.cuda, 8733
20200716 14:55, gpu2006, 1, 00000000:AF:00.0,43,94,10, osoremekun, pmemd.cuda, 8880
20200716 14:55, gpu2006, 2, 00000000:D8:00.0,46,96,15, aadewumi1, pmemd.cuda.MPI, 9248
20200716 15:00, gpu2006, 0, 00000000:3B:00.0,44,89,13, osoremekun, pmemd.cuda, 8733
20200716 15:00, gpu2006, 1, 00000000:AF:00.0,43,94,10, osoremekun, pmemd.cuda, 8880
20200716 15:00, gpu2006, 2, 00000000:D8:00.0,46,90,14, aadewumi1, pmemd.cuda.MPI, 9248
20200716 15:05, gpu2006, 0, 00000000:3B:00.0,44,85,13, osoremekun, pmemd.cuda, 8733
20200716 15:05, gpu2006, 1, 00000000:AF:00.0,43,89,9, osoremekun, pmemd.cuda, 8880
20200716 15:05, gpu2006, 2, 00000000:D8:00.0,46,96,15, aadewumi1, pmemd.cuda.MPI, 9248
20200716 15:10, gpu2006, 0, 00000000:3B:00.0,44,95,15, osoremekun, pmemd.cuda, 8733
20200716 15:10, gpu2006, 1, 00000000:AF:00.0,43,90,9, osoremekun, pmemd.cuda, 8880
20200716 15:10, gpu2006, 2, 00000000:D8:00.0,46,96,15, aadewumi1, pmemd.cuda.MPI, 9248
20200716 15:15, gpu2006, 0, 00000000:3B:00.0,44,95,14, osoremekun, pmemd.cuda, 8733
20200716 15:15, gpu2006, 1, 00000000:AF:00.0,43,89,9, osoremekun, pmemd.cuda, 8880
20200716 15:15, gpu2006, 2, 00000000:D8:00.0,46,96,15, aadewumi1, pmemd.cuda.MPI, 9248
20200716 15:20, gpu2006, 0, 00000000:3B:00.0,44,95,14, osoremekun, pmemd.cuda, 8733
20200716 15:20, gpu2006, 1, 00000000:AF:00.0,43,89,9, osoremekun, pmemd.cuda, 8880
20200716 15:20, gpu2006, 2, 00000000:D8:00.0,45,90,14, aadewumi1, pmemd.cuda.MPI, 9248
20200716 15:25, gpu2006, 0, 00000000:3B:00.0,44,89,14, osoremekun, pmemd.cuda, 8733
20200716 15:25, gpu2006, 1, 00000000:AF:00.0,43,94,10, osoremekun, pmemd.cuda, 8880
20200716 15:25, gpu2006, 2, 00000000:D8:00.0,46,90,14, aadewumi1, pmemd.cuda.MPI, 9248
20200716 15:30, gpu2006, 0, 00000000:3B:00.0,42,95,15, osoremekun, pmemd.cuda, 8733
20200716 15:30, gpu2006, 1, 00000000:AF:00.0,43,94,10, osoremekun, pmemd.cuda, 8880
20200716 15:30, gpu2006, 2, 00000000:D8:00.0,37,41,6, aadewumi1, pmemd.cuda.MPI, 9248
20200716 15:35, gpu2006, 0, 00000000:3B:00.0,44,89,14, osoremekun, pmemd.cuda, 8733
20200716 15:35, gpu2006, 1, 00000000:AF:00.0,43,90,9, osoremekun, pmemd.cuda, 8880
20200716 15:35, gpu2006, 2, 00000000:D8:00.0,45,89,14, aadewumi1, pmemd.cuda.MPI, 9248
20200716 15:40, gpu2006, 0, 00000000:3B:00.0,44,95,14, osoremekun, pmemd.cuda, 8733
20200716 15:40, gpu2006, 1, 00000000:AF:00.0,43,94,10, osoremekun, pmemd.cuda, 8880
20200716 15:40, gpu2006, 2, 00000000:D8:00.0,45,89,14, aadewumi1, pmemd.cuda.MPI, 9248
20200716 15:45, gpu2006, 0, 00000000:3B:00.0,44,89,14, osoremekun, pmemd.cuda, 8733
20200716 15:45, gpu2006, 1, 00000000:AF:00.0,43,94,10, osoremekun, pmemd.cuda, 8880
20200716 15:45, gpu2006, 2, 00000000:D8:00.0,45,96,15, aadewumi1, pmemd.cuda.MPI, 9248
20200716 15:50, gpu2006, 0, 00000000:3B:00.0,44,88,13, osoremekun, pmemd.cuda, 8733
20200716 15:50, gpu2006, 1, 00000000:AF:00.0,43,89,9, osoremekun, pmemd.cuda, 8880
20200716 15:50, gpu2006, 2, 00000000:D8:00.0,45,96,15, aadewumi1, pmemd.cuda.MPI, 9248
20200716 15:55, gpu2006, 0, 00000000:3B:00.0,44,88,13, osoremekun, pmemd.cuda, 8733
20200716 15:55, gpu2006, 1, 00000000:AF:00.0,43,90,9, osoremekun, pmemd.cuda, 8880
20200716 15:55, gpu2006, 2, 00000000:D8:00.0,46,96,15, aadewumi1, pmemd.cuda.MPI, 9248
20200716 16:00, gpu2006, 0, 00000000:3B:00.0,44,95,15, osoremekun, pmemd.cuda, 8733
20200716 16:00, gpu2006, 1, 00000000:AF:00.0,43,90,9, osoremekun, pmemd.cuda, 8880
20200716 16:00, gpu2006, 2, 00000000:D8:00.0,45,89,14, aadewumi1, pmemd.cuda.MPI, 9248
20200716 16:05, gpu2006, 0, 00000000:3B:00.0,44,95,14, osoremekun, pmemd.cuda, 8733
20200716 16:05, gpu2006, 1, 00000000:AF:00.0,43,90,9, osoremekun, pmemd.cuda, 8880
20200716 16:05, gpu2006, 2, 00000000:D8:00.0,46,89,14, aadewumi1, pmemd.cuda.MPI, 9248
20200716 16:10, gpu2006, 0, 00000000:3B:00.0,45,95,14, osoremekun, pmemd.cuda, 8733
20200716 16:10, gpu2006, 1, 00000000:AF:00.0,44,89,9, osoremekun, pmemd.cuda, 8880
20200716 16:10, gpu2006, 2, 00000000:D8:00.0,47,89,14, aadewumi1, pmemd.cuda.MPI, 9248
20200716 16:15, gpu2006, 0, 00000000:3B:00.0,44,93,14, osoremekun, pmemd.cuda, 8733
20200716 16:15, gpu2006, 1, 00000000:AF:00.0,42,90,9, osoremekun, pmemd.cuda, 8880
20200716 16:15, gpu2006, 2, 00000000:D8:00.0,45,96,15, aadewumi1, pmemd.cuda.MPI, 9248
20200716 16:20, gpu2006, 0, 00000000:3B:00.0,44,88,13, osoremekun, pmemd.cuda, 8733
20200716 16:20, gpu2006, 1, 00000000:AF:00.0,43,94,10, osoremekun, pmemd.cuda, 8880
20200716 16:20, gpu2006, 2, 00000000:D8:00.0,46,96,15, aadewumi1, pmemd.cuda.MPI, 9248
20200716 16:25, gpu2006, 0, 00000000:3B:00.0,44,87,13, osoremekun, pmemd.cuda, 8733
20200716 16:25, gpu2006, 1, 00000000:AF:00.0,43,89,9, osoremekun, pmemd.cuda, 8880
20200716 16:25, gpu2006, 2, 00000000:D8:00.0,45,90,14, aadewumi1, pmemd.cuda.MPI, 9248
20200716 16:30, gpu2006, 0, 00000000:3B:00.0,44,95,14, osoremekun, pmemd.cuda, 8733
20200716 16:30, gpu2006, 1, 00000000:AF:00.0,43,94,10, osoremekun, pmemd.cuda, 8880
20200716 16:30, gpu2006, 2, 00000000:D8:00.0,45,95,15, aadewumi1, pmemd.cuda.MPI, 9248
20200716 16:35, gpu2006, 0, 00000000:3B:00.0,43,95,14, osoremekun, pmemd.cuda, 8733
20200716 16:35, gpu2006, 1, 00000000:AF:00.0,43,94,10, osoremekun, pmemd.cuda, 8880
20200716 16:35, gpu2006, 2, 00000000:D8:00.0,45,96,15, aadewumi1, pmemd.cuda.MPI, 9248
20200716 16:40, gpu2006, 0, 00000000:3B:00.0,44,89,14, osoremekun, pmemd.cuda, 8733
20200716 16:40, gpu2006, 1, 00000000:AF:00.0,43,89,9, osoremekun, pmemd.cuda, 8880
20200716 16:40, gpu2006, 2, 00000000:D8:00.0,46,89,14, aadewumi1, pmemd.cuda.MPI, 9248
20200716 16:45, gpu2006, 0, 00000000:3B:00.0,44,95,15, osoremekun, pmemd.cuda, 8733
20200716 16:45, gpu2006, 1, 00000000:AF:00.0,43,90,9, osoremekun, pmemd.cuda, 8880
20200716 16:45, gpu2006, 2, 00000000:D8:00.0,46,95,15, aadewumi1, pmemd.cuda.MPI, 9248
20200716 16:50, gpu2006, 0, 00000000:3B:00.0,44,95,15, osoremekun, pmemd.cuda, 8733
20200716 16:50, gpu2006, 1, 00000000:AF:00.0,43,90,9, osoremekun, pmemd.cuda, 8880
20200716 16:50, gpu2006, 2, 00000000:D8:00.0,46,96,15, aadewumi1, pmemd.cuda.MPI, 9248
20200716 16:55, gpu2006, 0, 00000000:3B:00.0,44,88,13, osoremekun, pmemd.cuda, 8733
20200716 16:55, gpu2006, 1, 00000000:AF:00.0,43,94,10, osoremekun, pmemd.cuda, 8880
20200716 16:55, gpu2006, 2, 00000000:D8:00.0,45,89,14, aadewumi1, pmemd.cuda.MPI, 9248
20200716 17:00, gpu2006, 0, 00000000:3B:00.0,44,88,14, osoremekun, pmemd.cuda, 8733
20200716 17:00, gpu2006, 1, 00000000:AF:00.0,43,89,9, osoremekun, pmemd.cuda, 8880
20200716 17:00, gpu2006, 2, 00000000:D8:00.0,46,96,15, aadewumi1, pmemd.cuda.MPI, 9248
20200716 17:05, gpu2006, 0, 00000000:3B:00.0,44,88,13, osoremekun, pmemd.cuda, 8733
20200716 17:05, gpu2006, 1, 00000000:AF:00.0,43,93,10, osoremekun, pmemd.cuda, 8880
20200716 17:05, gpu2006, 2, 00000000:D8:00.0,46,90,14, aadewumi1, pmemd.cuda.MPI, 9248
20200716 17:10, gpu2006, 0, 00000000:3B:00.0,44,89,14, osoremekun, pmemd.cuda, 8733
20200716 17:10, gpu2006, 1, 00000000:AF:00.0,43,91,10, osoremekun, pmemd.cuda, 8880
20200716 17:10, gpu2006, 2, 00000000:D8:00.0,45,96,15, aadewumi1, pmemd.cuda.MPI, 9248
20200716 17:15, gpu2006, 0, 00000000:3B:00.0,44,95,15, osoremekun, pmemd.cuda, 8733
20200716 17:15, gpu2006, 1, 00000000:AF:00.0,43,89,9, osoremekun, pmemd.cuda, 8880
20200716 17:15, gpu2006, 2, 00000000:D8:00.0,46,96,15, aadewumi1, pmemd.cuda.MPI, 9248
20200716 17:20, gpu2006, 0, 00000000:3B:00.0,44,95,15, osoremekun, pmemd.cuda, 8733
20200716 17:20, gpu2006, 1, 00000000:AF:00.0,43,94,10, osoremekun, pmemd.cuda, 8880
20200716 17:20, gpu2006, 2, 00000000:D8:00.0,46,89,14, aadewumi1, pmemd.cuda.MPI, 9248
20200716 17:25, gpu2006, 0, 00000000:3B:00.0,43,95,14, osoremekun, pmemd.cuda, 8733
20200716 17:25, gpu2006, 1, 00000000:AF:00.0,43,94,10, osoremekun, pmemd.cuda, 8880
20200716 17:25, gpu2006, 2, 00000000:D8:00.0,46,90,14, aadewumi1, pmemd.cuda.MPI, 9248
20200716 17:30, gpu2006, 0, 00000000:3B:00.0,44,95,15, osoremekun, pmemd.cuda, 8733
20200716 17:30, gpu2006, 1, 00000000:AF:00.0,43,89,9, osoremekun, pmemd.cuda, 8880
20200716 17:30, gpu2006, 2, 00000000:D8:00.0,45,90,14, aadewumi1, pmemd.cuda.MPI, 9248
20200716 17:35, gpu2006, 0, 00000000:3B:00.0,42,89,13, osoremekun, pmemd.cuda, 8733
20200716 17:35, gpu2006, 1, 00000000:AF:00.0,43,90,9, osoremekun, pmemd.cuda, 8880
20200716 17:35, gpu2006, 2, 00000000:D8:00.0,46,90,14, aadewumi1, pmemd.cuda.MPI, 9248
20200716 17:40, gpu2006, 0, 00000000:3B:00.0,43,95,14, osoremekun, pmemd.cuda, 8733
20200716 17:40, gpu2006, 1, 00000000:AF:00.0,43,94,10, osoremekun, pmemd.cuda, 8880
20200716 17:40, gpu2006, 2, 00000000:D8:00.0,45,96,15, aadewumi1, pmemd.cuda.MPI, 9248
20200716 17:45, gpu2006, 0, 00000000:3B:00.0,44,95,15, osoremekun, pmemd.cuda, 8733
20200716 17:45, gpu2006, 1, 00000000:AF:00.0,42,94,10, osoremekun, pmemd.cuda, 8880
20200716 17:45, gpu2006, 2, 00000000:D8:00.0,45,96,15, aadewumi1, pmemd.cuda.MPI, 9248
20200716 17:50, gpu2006, 0, 00000000:3B:00.0,44,89,14, osoremekun, pmemd.cuda, 8733
20200716 17:50, gpu2006, 1, 00000000:AF:00.0,43,89,9, osoremekun, pmemd.cuda, 8880
20200716 17:50, gpu2006, 2, 00000000:D8:00.0,46,89,14, aadewumi1, pmemd.cuda.MPI, 9248
20200716 17:55, gpu2006, 0, 00000000:3B:00.0,44,95,14, osoremekun, pmemd.cuda, 8733
20200716 17:55, gpu2006, 1, 00000000:AF:00.0,42,94,10, osoremekun, pmemd.cuda, 8880
20200716 17:55, gpu2006, 2, 00000000:D8:00.0,45,89,14, aadewumi1, pmemd.cuda.MPI, 9248
20200716 18:00, gpu2006, 0, 00000000:3B:00.0,44,95,15, osoremekun, pmemd.cuda, 8733
20200716 18:00, gpu2006, 1, 00000000:AF:00.0,43,89,9, osoremekun, pmemd.cuda, 8880
20200716 18:00, gpu2006, 2, 00000000:D8:00.0,46,96,15, aadewumi1, pmemd.cuda.MPI, 9248
20200716 18:05, gpu2006, 0, 00000000:3B:00.0,44,95,15, osoremekun, pmemd.cuda, 8733
20200716 18:05, gpu2006, 1, 00000000:AF:00.0,43,94,10, osoremekun, pmemd.cuda, 8880
20200716 18:05, gpu2006, 2, 00000000:D8:00.0,46,89,14, aadewumi1, pmemd.cuda.MPI, 9248
20200716 18:10, gpu2006, 0, 00000000:3B:00.0,44,95,14, osoremekun, pmemd.cuda, 8733
20200716 18:10, gpu2006, 1, 00000000:AF:00.0,43,89,9, osoremekun, pmemd.cuda, 8880
20200716 18:10, gpu2006, 2, 00000000:D8:00.0,46,96,15, aadewumi1, pmemd.cuda.MPI, 9248
20200716 18:15, gpu2006, 0, 00000000:3B:00.0,44,95,15, osoremekun, pmemd.cuda, 8733
20200716 18:15, gpu2006, 1, 00000000:AF:00.0,43,89,9, osoremekun, pmemd.cuda, 8880
20200716 18:15, gpu2006, 2, 00000000:D8:00.0,46,96,15, aadewumi1, pmemd.cuda.MPI, 9248
20200716 18:20, gpu2006, 0, 00000000:3B:00.0,44,95,14, osoremekun, pmemd.cuda, 8733
20200716 18:20, gpu2006, 1, 00000000:AF:00.0,43,89,9, osoremekun, pmemd.cuda, 8880
20200716 18:20, gpu2006, 2, 00000000:D8:00.0,46,95,15, aadewumi1, pmemd.cuda.MPI, 9248
20200716 18:25, gpu2006, 0, 00000000:3B:00.0,44,95,14, osoremekun, pmemd.cuda, 8733
20200716 18:25, gpu2006, 1, 00000000:AF:00.0,43,94,10, osoremekun, pmemd.cuda, 8880
20200716 18:25, gpu2006, 2, 00000000:D8:00.0,46,96,15, aadewumi1, pmemd.cuda.MPI, 9248
20200716 18:30, gpu2006, 0, 00000000:3B:00.0,44,89,14, osoremekun, pmemd.cuda, 8733
20200716 18:30, gpu2006, 1, 00000000:AF:00.0,43,94,10, osoremekun, pmemd.cuda, 8880
20200716 18:30, gpu2006, 2, 00000000:D8:00.0,45,96,15, aadewumi1, pmemd.cuda.MPI, 9248
20200716 18:35, gpu2006, 0, 00000000:3B:00.0,44,95,14, osoremekun, pmemd.cuda, 8733
20200716 18:35, gpu2006, 1, 00000000:AF:00.0,43,89,9, osoremekun, pmemd.cuda, 8880
20200716 18:35, gpu2006, 2, 00000000:D8:00.0,46,89,14, aadewumi1, pmemd.cuda.MPI, 9248
20200716 18:40, gpu2006, 0, 00000000:3B:00.0,44,89,14, osoremekun, pmemd.cuda, 8733
20200716 18:40, gpu2006, 1, 00000000:AF:00.0,43,90,9, osoremekun, pmemd.cuda, 8880
20200716 18:40, gpu2006, 2, 00000000:D8:00.0,45,89,14, aadewumi1, pmemd.cuda.MPI, 9248
20200716 18:45, gpu2006, 0, 00000000:3B:00.0,43,95,14, osoremekun, pmemd.cuda, 8733
20200716 18:45, gpu2006, 1, 00000000:AF:00.0,43,94,10, osoremekun, pmemd.cuda, 8880
20200716 18:45, gpu2006, 2, 00000000:D8:00.0,45,96,15, aadewumi1, pmemd.cuda.MPI, 9248
20200716 18:50, gpu2006, 0, 00000000:3B:00.0,44,95,14, osoremekun, pmemd.cuda, 8733
20200716 18:50, gpu2006, 1, 00000000:AF:00.0,43,94,10, osoremekun, pmemd.cuda, 8880
20200716 18:50, gpu2006, 2, 00000000:D8:00.0,46,89,14, aadewumi1, pmemd.cuda.MPI, 9248
20200716 18:55, gpu2006, 0, 00000000:3B:00.0,44,95,14, osoremekun, pmemd.cuda, 8733
20200716 18:55, gpu2006, 1, 00000000:AF:00.0,43,94,10, osoremekun, pmemd.cuda, 8880
20200716 18:55, gpu2006, 2, 00000000:D8:00.0,46,89,14, aadewumi1, pmemd.cuda.MPI, 9248
20200716 19:00, gpu2006, 0, 00000000:3B:00.0,44,87,13, osoremekun, pmemd.cuda, 8733
20200716 19:00, gpu2006, 1, 00000000:AF:00.0,43,94,10, osoremekun, pmemd.cuda, 8880
20200716 19:00, gpu2006, 2, 00000000:D8:00.0,45,96,15, aadewumi1, pmemd.cuda.MPI, 9248
20200716 19:05, gpu2006, 0, 00000000:3B:00.0,44,87,13, osoremekun, pmemd.cuda, 8733
20200716 19:05, gpu2006, 1, 00000000:AF:00.0,43,94,10, osoremekun, pmemd.cuda, 8880
20200716 19:05, gpu2006, 2, 00000000:D8:00.0,46,89,14, aadewumi1, pmemd.cuda.MPI, 9248
20200716 19:10, gpu2006, 0, 00000000:3B:00.0,44,95,14, osoremekun, pmemd.cuda, 8733
20200716 19:10, gpu2006, 1, 00000000:AF:00.0,43,94,10, osoremekun, pmemd.cuda, 8880
20200716 19:10, gpu2006, 2, 00000000:D8:00.0,45,87,13, aadewumi1, pmemd.cuda.MPI, 9248
20200716 19:15, gpu2006, 0, 00000000:3B:00.0,44,87,13, osoremekun, pmemd.cuda, 8733
20200716 19:15, gpu2006, 1, 00000000:AF:00.0,43,94,10, osoremekun, pmemd.cuda, 8880
20200716 19:15, gpu2006, 2, 00000000:D8:00.0,45,88,14, aadewumi1, pmemd.cuda.MPI, 9248
20200716 19:20, gpu2006, 0, 00000000:3B:00.0,44,95,14, osoremekun, pmemd.cuda, 8733
20200716 19:20, gpu2006, 1, 00000000:AF:00.0,43,94,10, osoremekun, pmemd.cuda, 8880
20200716 19:20, gpu2006, 2, 00000000:D8:00.0,46,89,14, aadewumi1, pmemd.cuda.MPI, 9248
20200716 19:25, gpu2006, 0, 00000000:3B:00.0,43,87,13, osoremekun, pmemd.cuda, 8733
20200716 19:25, gpu2006, 1, 00000000:AF:00.0,43,89,9, osoremekun, pmemd.cuda, 8880
20200716 19:25, gpu2006, 2, 00000000:D8:00.0,45,95,15, aadewumi1, pmemd.cuda.MPI, 9248
20200716 19:30, gpu2006, 0, 00000000:3B:00.0,44,88,13, osoremekun, pmemd.cuda, 8733
20200716 19:30, gpu2006, 1, 00000000:AF:00.0,43,94,10, osoremekun, pmemd.cuda, 8880
20200716 19:30, gpu2006, 2, 00000000:D8:00.0,46,95,15, aadewumi1, pmemd.cuda.MPI, 9248
20200716 19:35, gpu2006, 0, 00000000:3B:00.0,42,95,14, osoremekun, pmemd.cuda, 8733
20200716 19:35, gpu2006, 1, 00000000:AF:00.0,42,94,10, osoremekun, pmemd.cuda, 8880
20200716 19:35, gpu2006, 2, 00000000:D8:00.0,44,89,14, aadewumi1, pmemd.cuda.MPI, 9248
20200716 19:40, gpu2006, 0, 00000000:3B:00.0,40,18,3, osoremekun, pmemd.cuda, 8733
20200716 19:40, gpu2006, 1, 00000000:AF:00.0,40,0,0, osoremekun, pmemd.cuda, 8880
20200716 19:40, gpu2006, 2, 00000000:D8:00.0,42,22,3, aadewumi1, pmemd.cuda.MPI, 9248
20200716 19:45, gpu2006, 0, 00000000:3B:00.0,44,91,14, osoremekun, pmemd.cuda, 8733
20200716 19:45, gpu2006, 1, 00000000:AF:00.0,43,94,10, osoremekun, pmemd.cuda, 8880
20200716 19:45, gpu2006, 2, 00000000:D8:00.0,45,95,15, aadewumi1, pmemd.cuda.MPI, 9248
20200716 19:50, gpu2006, 0, 00000000:3B:00.0,43,95,14, osoremekun, pmemd.cuda, 8733
20200716 19:50, gpu2006, 1, 00000000:AF:00.0,43,90,10, osoremekun, pmemd.cuda, 8880
20200716 19:50, gpu2006, 2, 00000000:D8:00.0,46,88,14, aadewumi1, pmemd.cuda.MPI, 9248
20200716 19:55, gpu2006, 0, 00000000:3B:00.0,43,95,14, osoremekun, pmemd.cuda, 8733
20200716 19:55, gpu2006, 1, 00000000:AF:00.0,42,94,10, osoremekun, pmemd.cuda, 8880
20200716 19:55, gpu2006, 2, 00000000:D8:00.0,45,88,14, aadewumi1, pmemd.cuda.MPI, 9248
20200716 20:00, gpu2006, 0, 00000000:3B:00.0,43,88,13, osoremekun, pmemd.cuda, 8733
20200716 20:00, gpu2006, 1, 00000000:AF:00.0,43,90,9, osoremekun, pmemd.cuda, 8880
20200716 20:00, gpu2006, 2, 00000000:D8:00.0,45,89,14, aadewumi1, pmemd.cuda.MPI, 9248
20200716 20:05, gpu2006, 0, 00000000:3B:00.0,44,95,15, osoremekun, pmemd.cuda, 8733
20200716 20:05, gpu2006, 1, 00000000:AF:00.0,43,94,10, osoremekun, pmemd.cuda, 8880
20200716 20:05, gpu2006, 2, 00000000:D8:00.0,46,95,15, aadewumi1, pmemd.cuda.MPI, 9248
20200716 20:10, gpu2006, 0, 00000000:3B:00.0,44,88,13, osoremekun, pmemd.cuda, 8733
20200716 20:10, gpu2006, 1, 00000000:AF:00.0,43,92,10, osoremekun, pmemd.cuda, 8880
20200716 20:10, gpu2006, 2, 00000000:D8:00.0,46,89,14, aadewumi1, pmemd.cuda.MPI, 9248
20200716 20:15, gpu2006, 0, 00000000:3B:00.0,44,95,14, osoremekun, pmemd.cuda, 8733
20200716 20:15, gpu2006, 1, 00000000:AF:00.0,43,89,9, osoremekun, pmemd.cuda, 8880
20200716 20:15, gpu2006, 2, 00000000:D8:00.0,46,89,14, aadewumi1, pmemd.cuda.MPI, 9248
20200716 20:20, gpu2006, 0, 00000000:3B:00.0,43,87,13, osoremekun, pmemd.cuda, 8733
20200716 20:20, gpu2006, 1, 00000000:AF:00.0,42,89,9, osoremekun, pmemd.cuda, 8880
20200716 20:20, gpu2006, 2, 00000000:D8:00.0,45,96,15, aadewumi1, pmemd.cuda.MPI, 9248
20200716 20:25, gpu2006, 0, 00000000:3B:00.0,44,95,15, osoremekun, pmemd.cuda, 8733
20200716 20:25, gpu2006, 1, 00000000:AF:00.0,43,88,9, osoremekun, pmemd.cuda, 8880
20200716 20:25, gpu2006, 2, 00000000:D8:00.0,46,96,15, aadewumi1, pmemd.cuda.MPI, 9248
20200716 20:30, gpu2006, 0, 00000000:3B:00.0,44,88,13, osoremekun, pmemd.cuda, 8733
20200716 20:30, gpu2006, 1, 00000000:AF:00.0,43,90,9, osoremekun, pmemd.cuda, 8880
20200716 20:30, gpu2006, 2, 00000000:D8:00.0,46,91,14, aadewumi1, pmemd.cuda.MPI, 9248
20200716 20:35, gpu2006, 0, 00000000:3B:00.0,44,87,13, osoremekun, pmemd.cuda, 8733
20200716 20:35, gpu2006, 1, 00000000:AF:00.0,43,94,10, osoremekun, pmemd.cuda, 8880
20200716 20:35, gpu2006, 2, 00000000:D8:00.0,47,95,15, aadewumi1, pmemd.cuda.MPI, 9248
20200716 20:40, gpu2006, 0, 00000000:3B:00.0,43,95,15, osoremekun, pmemd.cuda, 8733
20200716 20:40, gpu2006, 1, 00000000:AF:00.0,42,94,10, osoremekun, pmemd.cuda, 8880
20200716 20:40, gpu2006, 2, 00000000:D8:00.0,45,95,15, aadewumi1, pmemd.cuda.MPI, 9248
20200716 20:45, gpu2006, 0, 00000000:3B:00.0,43,87,13, osoremekun, pmemd.cuda, 8733
20200716 20:45, gpu2006, 1, 00000000:AF:00.0,42,94,10, osoremekun, pmemd.cuda, 8880
20200716 20:45, gpu2006, 2, 00000000:D8:00.0,45,95,15, aadewumi1, pmemd.cuda.MPI, 9248
20200716 20:50, gpu2006, 0, 00000000:3B:00.0,43,95,15, osoremekun, pmemd.cuda, 8733
20200716 20:50, gpu2006, 1, 00000000:AF:00.0,42,94,10, osoremekun, pmemd.cuda, 8880
20200716 20:50, gpu2006, 2, 00000000:D8:00.0,45,89,14, aadewumi1, pmemd.cuda.MPI, 9248
20200716 20:55, gpu2006, 0, 00000000:3B:00.0,42,95,14, osoremekun, pmemd.cuda, 8733
20200716 20:55, gpu2006, 1, 00000000:AF:00.0,42,90,10, osoremekun, pmemd.cuda, 8880
20200716 20:55, gpu2006, 2, 00000000:D8:00.0,44,89,14, aadewumi1, pmemd.cuda.MPI, 9248
20200716 21:00, gpu2006, 0, 00000000:3B:00.0,43,95,14, osoremekun, pmemd.cuda, 8733
20200716 21:00, gpu2006, 1, 00000000:AF:00.0,43,90,9, osoremekun, pmemd.cuda, 8880
20200716 21:00, gpu2006, 2, 00000000:D8:00.0,45,88,13, aadewumi1, pmemd.cuda.MPI, 9248
20200716 21:05, gpu2006, 0, 00000000:3B:00.0,43,95,14, osoremekun, pmemd.cuda, 8733
20200716 21:05, gpu2006, 1, 00000000:AF:00.0,42,89,9, osoremekun, pmemd.cuda, 8880
20200716 21:05, gpu2006, 2, 00000000:D8:00.0,45,89,14, aadewumi1, pmemd.cuda.MPI, 9248
20200716 21:10, gpu2006, 0, 00000000:3B:00.0,44,88,13, osoremekun, pmemd.cuda, 8733
20200716 21:10, gpu2006, 1, 00000000:AF:00.0,43,89,9, osoremekun, pmemd.cuda, 8880
20200716 21:10, gpu2006, 2, 00000000:D8:00.0,45,89,14, aadewumi1, pmemd.cuda.MPI, 9248
20200716 21:15, gpu2006, 0, 00000000:3B:00.0,44,88,13, osoremekun, pmemd.cuda, 8733
20200716 21:15, gpu2006, 1, 00000000:AF:00.0,43,89,9, osoremekun, pmemd.cuda, 8880
20200716 21:15, gpu2006, 2, 00000000:D8:00.0,45,95,15, aadewumi1, pmemd.cuda.MPI, 9248
20200716 21:20, gpu2006, 0, 00000000:3B:00.0,44,90,14, osoremekun, pmemd.cuda, 8733
20200716 21:20, gpu2006, 1, 00000000:AF:00.0,43,94,10, osoremekun, pmemd.cuda, 8880
20200716 21:20, gpu2006, 2, 00000000:D8:00.0,46,91,14, aadewumi1, pmemd.cuda.MPI, 9248
20200716 21:25, gpu2006, 0, 00000000:3B:00.0,44,95,14, osoremekun, pmemd.cuda, 8733
20200716 21:25, gpu2006, 1, 00000000:AF:00.0,43,94,10, osoremekun, pmemd.cuda, 8880
20200716 21:25, gpu2006, 2, 00000000:D8:00.0,46,95,15, aadewumi1, pmemd.cuda.MPI, 9248
20200716 21:30, gpu2006, 0, 00000000:3B:00.0,44,88,13, osoremekun, pmemd.cuda, 8733
20200716 21:30, gpu2006, 1, 00000000:AF:00.0,43,90,9, osoremekun, pmemd.cuda, 8880
20200716 21:30, gpu2006, 2, 00000000:D8:00.0,46,89,14, aadewumi1, pmemd.cuda.MPI, 9248
20200716 21:35, gpu2006, 0, 00000000:3B:00.0,43,95,14, osoremekun, pmemd.cuda, 8733
20200716 21:35, gpu2006, 1, 00000000:AF:00.0,42,90,9, osoremekun, pmemd.cuda, 8880
20200716 21:35, gpu2006, 2, 00000000:D8:00.0,45,89,14, aadewumi1, pmemd.cuda.MPI, 9248
20200716 21:40, gpu2006, 0, 00000000:3B:00.0,43,89,13, osoremekun, pmemd.cuda, 8733
20200716 21:40, gpu2006, 1, 00000000:AF:00.0,42,94,10, osoremekun, pmemd.cuda, 8880
20200716 21:40, gpu2006, 2, 00000000:D8:00.0,45,95,15, aadewumi1, pmemd.cuda.MPI, 9248
20200716 21:45, gpu2006, 0, 00000000:3B:00.0,43,95,14, osoremekun, pmemd.cuda, 8733
20200716 21:45, gpu2006, 1, 00000000:AF:00.0,42,89,9, osoremekun, pmemd.cuda, 8880
20200716 21:45, gpu2006, 2, 00000000:D8:00.0,45,88,14, aadewumi1, pmemd.cuda.MPI, 9248
20200716 21:50, gpu2006, 0, 00000000:3B:00.0,43,95,14, osoremekun, pmemd.cuda, 8733
20200716 21:50, gpu2006, 1, 00000000:AF:00.0,43,94,10, osoremekun, pmemd.cuda, 8880
20200716 21:50, gpu2006, 2, 00000000:D8:00.0,45,95,15, aadewumi1, pmemd.cuda.MPI, 9248
20200716 21:55, gpu2006, 0, 00000000:3B:00.0,43,95,14, osoremekun, pmemd.cuda, 8733
20200716 21:55, gpu2006, 1, 00000000:AF:00.0,41,3,0, osoremekun, pmemd.cuda, 8880
20200716 21:55, gpu2006, 2, 00000000:D8:00.0,45,95,15, aadewumi1, pmemd.cuda.MPI, 9248
20200716 22:00, gpu2006, 0, 00000000:3B:00.0,44,87,13, osoremekun, pmemd.cuda, 8733
20200716 22:00, gpu2006, 1, 00000000:AF:00.0,43,89,9, osoremekun, pmemd.cuda, 8880
20200716 22:00, gpu2006, 2, 00000000:D8:00.0,46,96,15, aadewumi1, pmemd.cuda.MPI, 9248
20200716 22:05, gpu2006, 0, 00000000:3B:00.0,43,88,13, osoremekun, pmemd.cuda, 8733
20200716 22:05, gpu2006, 1, 00000000:AF:00.0,42,89,9, osoremekun, pmemd.cuda, 8880
20200716 22:05, gpu2006, 2, 00000000:D8:00.0,45,96,15, aadewumi1, pmemd.cuda.MPI, 9248
20200716 22:10, gpu2006, 0, 00000000:3B:00.0,44,88,13, osoremekun, pmemd.cuda, 8733
20200716 22:10, gpu2006, 1, 00000000:AF:00.0,43,89,9, osoremekun, pmemd.cuda, 8880
20200716 22:10, gpu2006, 2, 00000000:D8:00.0,46,89,14, aadewumi1, pmemd.cuda.MPI, 9248
20200716 22:15, gpu2006, 0, 00000000:3B:00.0,43,95,14, osoremekun, pmemd.cuda, 8733
20200716 22:15, gpu2006, 1, 00000000:AF:00.0,42,89,9, osoremekun, pmemd.cuda, 8880
20200716 22:15, gpu2006, 2, 00000000:D8:00.0,45,95,15, aadewumi1, pmemd.cuda.MPI, 9248
20200716 22:20, gpu2006, 0, 00000000:3B:00.0,44,92,14, osoremekun, pmemd.cuda, 8733
20200716 22:20, gpu2006, 1, 00000000:AF:00.0,43,94,10, osoremekun, pmemd.cuda, 8880
20200716 22:20, gpu2006, 2, 00000000:D8:00.0,46,95,15, aadewumi1, pmemd.cuda.MPI, 9248
20200716 22:25, gpu2006, 0, 00000000:3B:00.0,43,95,14, osoremekun, pmemd.cuda, 8733
20200716 22:25, gpu2006, 1, 00000000:AF:00.0,42,90,9, osoremekun, pmemd.cuda, 8880
20200716 22:25, gpu2006, 2, 00000000:D8:00.0,46,95,15, aadewumi1, pmemd.cuda.MPI, 9248
20200716 22:30, gpu2006, 0, 00000000:3B:00.0,44,95,14, osoremekun, pmemd.cuda, 8733
20200716 22:30, gpu2006, 1, 00000000:AF:00.0,42,94,10, osoremekun, pmemd.cuda, 8880
20200716 22:30, gpu2006, 2, 00000000:D8:00.0,46,95,15, aadewumi1, pmemd.cuda.MPI, 9248
20200716 22:35, gpu2006, 0, 00000000:3B:00.0,43,88,13, osoremekun, pmemd.cuda, 8733
20200716 22:35, gpu2006, 1, 00000000:AF:00.0,42,94,10, osoremekun, pmemd.cuda, 8880
20200716 22:35, gpu2006, 2, 00000000:D8:00.0,45,88,14, aadewumi1, pmemd.cuda.MPI, 9248
20200716 22:40, gpu2006, 0, 00000000:3B:00.0,44,87,13, osoremekun, pmemd.cuda, 8733
20200716 22:40, gpu2006, 1, 00000000:AF:00.0,42,94,10, osoremekun, pmemd.cuda, 8880
20200716 22:40, gpu2006, 2, 00000000:D8:00.0,46,95,15, aadewumi1, pmemd.cuda.MPI, 9248
20200716 22:45, gpu2006, 0, 00000000:3B:00.0,43,95,14, osoremekun, pmemd.cuda, 8733
20200716 22:45, gpu2006, 1, 00000000:AF:00.0,42,94,10, osoremekun, pmemd.cuda, 8880
20200716 22:45, gpu2006, 2, 00000000:D8:00.0,45,88,14, aadewumi1, pmemd.cuda.MPI, 9248
20200716 22:50, gpu2006, 0, 00000000:3B:00.0,44,87,13, osoremekun, pmemd.cuda, 8733
20200716 22:50, gpu2006, 1, 00000000:AF:00.0,43,89,9, osoremekun, pmemd.cuda, 8880
20200716 22:50, gpu2006, 2, 00000000:D8:00.0,46,89,14, aadewumi1, pmemd.cuda.MPI, 9248
20200716 22:55, gpu2006, 0, 00000000:3B:00.0,44,87,13, osoremekun, pmemd.cuda, 8733
20200716 22:55, gpu2006, 1, 00000000:AF:00.0,43,94,10, osoremekun, pmemd.cuda, 8880
20200716 22:55, gpu2006, 2, 00000000:D8:00.0,46,88,14, aadewumi1, pmemd.cuda.MPI, 9248
20200716 23:00, gpu2006, 0, 00000000:3B:00.0,43,95,14, osoremekun, pmemd.cuda, 8733
20200716 23:00, gpu2006, 1, 00000000:AF:00.0,43,89,9, osoremekun, pmemd.cuda, 8880
20200716 23:00, gpu2006, 2, 00000000:D8:00.0,45,95,15, aadewumi1, pmemd.cuda.MPI, 9248
20200716 23:05, gpu2006, 0, 00000000:3B:00.0,43,95,14, osoremekun, pmemd.cuda, 8733
20200716 23:05, gpu2006, 1, 00000000:AF:00.0,43,94,10, osoremekun, pmemd.cuda, 8880
20200716 23:05, gpu2006, 2, 00000000:D8:00.0,46,96,15, aadewumi1, pmemd.cuda.MPI, 9248
20200716 23:10, gpu2006, 0, 00000000:3B:00.0,44,87,13, osoremekun, pmemd.cuda, 8733
20200716 23:10, gpu2006, 1, 00000000:AF:00.0,43,94,10, osoremekun, pmemd.cuda, 8880
20200716 23:10, gpu2006, 2, 00000000:D8:00.0,46,89,14, aadewumi1, pmemd.cuda.MPI, 9248
20200716 23:15, gpu2006, 0, 00000000:3B:00.0,30,0,0, null, null, null
20200716 23:15, gpu2006, 1, 00000000:AF:00.0,30,0,0, null, null, null
20200716 23:15, gpu2006, 2, 00000000:D8:00.0,44,95,15, aadewumi1, pmemd.cuda.MPI, 9248
20200716 23:20, gpu2006, 0, 00000000:3B:00.0,30,0,0, null, null, null
20200716 23:20, gpu2006, 1, 00000000:AF:00.0,30,0,0, null, null, null
20200716 23:20, gpu2006, 2, 00000000:D8:00.0,31,0,0, null, null, null
20200716 23:25, gpu2006, 0, 00000000:3B:00.0,46,97,36, nbotha, python3, 62726 62865 63187 63219 63220 63221 63222 63223 63224
20200716 23:25, gpu2006, 1, 00000000:AF:00.0,32,0,0, nbotha, python3, 62726 62865 63187 63219 63220 63221 63222 63223 63224
20200716 23:25, gpu2006, 2, 00000000:D8:00.0,30,0,0, kweiher, python, 62865 63187 63219 63220 63221 63222 63223 63224
20200716 23:30, gpu2006, 0, 00000000:3B:00.0,44,92,38, nbotha, python3, 62726 62865 63187 63219 63220 63221 63222 63223 63224
20200716 23:30, gpu2006, 1, 00000000:AF:00.0,31,0,0, nbotha, python3, 62726 62865 63187 63219 63220 63221 63222 63223 63224
20200716 23:30, gpu2006, 2, 00000000:D8:00.0,30,0,0, kweiher, python, 62865 63187 63219 63220 63221 63222 63223 63224
20200716 23:35, gpu2006, 0, 00000000:3B:00.0,45,91,33, nbotha, python3, 62726 62865 63187 63219 63220 63221 63222 63223 63224
20200716 23:35, gpu2006, 1, 00000000:AF:00.0,32,0,0, nbotha, python3, 62726 62865 63187 63219 63220 63221 63222 63223 63224
20200716 23:35, gpu2006, 2, 00000000:D8:00.0,30,0,0, kweiher, python, 62865 63187 63219 63220 63221 63222 63223 63224
20200716 23:40, gpu2006, 0, 00000000:3B:00.0,46,97,30, nbotha, python3, 62726 62865 63187 63219 63220 63221 63222 63223 63224
20200716 23:40, gpu2006, 1, 00000000:AF:00.0,32,0,0, nbotha, python3, 62726 62865 63187 63219 63220 63221 63222 63223 63224
20200716 23:40, gpu2006, 2, 00000000:D8:00.0,30,0,0, kweiher, python, 62865 63187 63219 63220 63221 63222 63223 63224
20200716 23:45, gpu2006, 0, 00000000:3B:00.0,46,97,30, nbotha, python3, 62726 62865 63187 63219 63220 63221 63222 63223 63224
20200716 23:45, gpu2006, 1, 00000000:AF:00.0,31,0,0, nbotha, python3, 62726 62865 63187 63219 63220 63221 63222 63223 63224
20200716 23:45, gpu2006, 2, 00000000:D8:00.0,30,0,0, kweiher, python, 62865 63187 63219 63220 63221 63222 63223 63224
20200716 23:50, gpu2006, 0, 00000000:3B:00.0,45,93,36, nbotha, python3, 62726 62865 63187 63219 63220 63221 63222 63223 63224
20200716 23:50, gpu2006, 1, 00000000:AF:00.0,32,0,0, nbotha, python3, 62726 62865 63187 63219 63220 63221 63222 63223 63224
20200716 23:50, gpu2006, 2, 00000000:D8:00.0,30,0,0, kweiher, python, 62865 63187 63219 63220 63221 63222 63223 63224
20200716 23:55, gpu2006, 0, 00000000:3B:00.0,44,90,33, nbotha, python3, 62726 62865 63187 63219 63220 63221 63222 63223 63224
20200716 23:55, gpu2006, 1, 00000000:AF:00.0,32,0,0, nbotha, python3, 62726 62865 63187 63219 63220 63221 63222 63223 63224
20200716 23:55, gpu2006, 2, 00000000:D8:00.0,30,0,0, kweiher, python, 62865 63187 63219 63220 63221 63222 63223 63224
